0.0,0.0,0.0,0.0,0.0,0.0,0.0,0.0,0.0,0.0,0.0,0.0,0.0,0.0,0.0,0.0,0.0,0.0,0.0,0.0,0.0,0.0,0.0,0.0,0.0,0.0,0.0,0.0,0.0,0.0,0.0,0.0,0.0,0.0,0.0,0.0,0.0,0.04090358266314312,0.019812881884198434,0.0,0.07596858063512558,0.04840934521487623,0.10164055289614718,0.10640721516968887,0.08577969980698825,0.11539137470394553,0.11312726890306632,0.19381457603271854,0.2463559876854018,0.21387294292922954,0.3064383159640708,0.31788912192946817,0.29782371866442053,0.28462644775218154,0.26970543936003194,0.23451125156083757,0.1828024636661651,0.1768227160788597,0.11979782256152767,0.08485833305696701,0.08326844626752195,0.04620651941197379,0.055532456102029205,0.002857188506100644,0.012426480241842789,0.014678835435546234,0.0,0.0,0.0,0.0,0.0,0.0,0.0,0.0,0.0,0.0,0.0,0.0,0.0,0.0,0.0,0.0,0.0,0.0,0.0,0.0,0.0,0.0,0.0,0.0,0.0,0.0,0.0,0.0,0.0,0.0
0.0,0.0,0.0,0.0,0.0,0.0,0.0,0.0,0.0,0.0,0.0,0.0,0.0,0.0,0.0,0.0,0.0,0.0,0.0,0.0,0.0,0.0,0.0,0.0,0.0,0.0,0.0,0.0,0.0,0.0,0.0,0.0,0.0,0.0,0.0,0.0,0.0,0.0,0.008903171084698432,0.01032399065437736,0.028900281295655132,0.03798671017562129,0.08289525928171243,0.11266400254422886,0.12611354305599812,0.09537323789005094,0.105950628732748,0.08232632203525436,0.08022878601149452,0.12505759121968643,0.09012434199797534,0.09062592737153789,0.08265817934748397,0.10422698788519144,0.10276995925956293,0.10235857439370265,0.11081606367737779,0.07599854297533021,0.08279757122529101,0.07261623328469449,0.05031530460686477,0.027160639333635366,0.032327606242151946,0.02318338506184552,0.01416114395299045,0.0,0.0,0.0,0.0,0.0,0.0,0.0,0.0,0.0,0.0,0.0,0.0,0.0,0.0,0.0,0.0,0.0,0.0,0.0,0.0,0.0,0.0,0.0,0.0,0.0,0.0,0.0,0.0,0.0,0.0,0.0
0.0,0.0,0.0,0.0,0.0,0.0,0.0,0.0,0.0,0.0,0.0,0.0,0.0,0.0,0.0,0.0,0.0,0.0,0.0,0.0,0.0,0.0,0.0,0.0,0.0,0.0,0.0,0.0,0.0,0.0,0.0,0.0,0.0,0.0,0.0,0.0,0.00472101689062069,0.01816388873791501,0.009943004347087999,0.026836025746840225,0.03408482145913521,0.042084736113514314,0.05742697617812912,0.05991708044711863,0.0768288613076156,0.06170178831852381,0.07518379313358661,0.07227720678424385,0.03824369895835723,0.03748945411929699,0.03749484162536598,0.0426326738926489,0.033499300444279304,0.03673258202376086,0.03227720250878724,0.021008094701840556,0.02623647727649824,0.01939038842534976,0.019336420320721488,0.005874017723942977,0.006405618203563498,0.0024754064354173388,0.00023449681130910914,0.0025302266709316245,0.0,0.0,0.0,0.0,0.0,0.0,0.0,0.0,0.0,0.0,0.0,0.0,0.0,0.0,0.0,0.0,0.0,0.0,0.0,0.0,0.0,0.0,0.0,0.0,0.0,0.0,0.0,0.0,0.0,0.0,0.0,0.0
0.0,0.0,0.0,0.0,0.0,0.0,0.0,0.0,0.0,0.0,0.0,0.0,0.0,0.0,0.0,0.0,0.0,0.0,0.0,0.0,0.0,0.0,0.0,0.0,0.0,0.0,0.0,0.0,0.0,0.0,0.0,0.0,0.0,0.0,0.0,0.0,0.0,0.0,0.007478553643796064,0.0066305734857198305,0.007663076922192424,0.015566929597890522,0.023801412128954064,0.027785954809200174,0.033382330392814664,0.025057177899582363,0.035014178067104385,0.036618555328615784,0.042981886968796054,0.051756566654155706,0.053336582577994264,0.04049922798848743,0.044815056590184144,0.037321417442536954,0.0333867168261086,0.03880668116905378,0.034216774086853155,0.020713474395734666,0.018401439331405603,0.015346432180178778,0.013288848622765225,0.0,0.006655400103607022,0.0,0.0017263689593989126,0.0,0.0,0.0,0.0,0.0,0.0,0.0,0.0,0.0,0.0,0.0,0.0,0.0,0.0,0.0,0.0,0.0,0.0,0.0,0.0,0.0,0.0,0.0,0.0,0.0,0.0,0.0,0.0,0.0,0.0,0.0
0.0,0.0,0.0,0.0,0.0,0.0,0.0,0.0,0.0,0.0,0.0,0.0,0.0,0.0,0.0,0.0,0.0,0.0,0.0,0.0,0.0,0.0,0.0,0.0,0.0,0.0,0.0,0.0,0.0,0.0,0.0,0.0,0.0,0.0,0.0,0.0,0.0,0.0,0.016327788631643442,0.029147958702273765,0.025903971615541123,0.03453040762608493,0.05105527488401752,0.06861769988489233,0.0587034638300236,0.07596299580267665,0.10269632068199522,0.09032342235136054,0.0920807235805746,0.10059671829581478,0.09234869080117013,0.0778775720124719,0.09877137929226766,0.10623342257602278,0.11501969973957074,0.14544896007199196,0.13331404293592553,0.11684304716665603,0.1076663113813337,0.06265922970385585,0.05855096084898359,0.03139824670595266,0.0062437049948995335,0.018950993297174982,0.006858381951160436,0.0,0.0,0.0,0.0,0.0,0.0,0.0,0.0,0.0,0.0,0.0,0.0,0.0,0.0,0.0,0.0,0.0,0.0,0.0,0.0,0.0,0.0,0.0,0.0,0.0,0.0,0.0,0.0,0.0,0.0,0.0
0.0,0.0,0.0,0.0,0.0,0.0,0.0,0.0,0.0,0.0,0.0,0.0,0.0,0.0,0.0,0.0,0.0,0.0,0.0,0.0,0.0,0.0,0.0,0.0,0.0,0.0,0.0,0.0,0.0,0.0,0.0,0.0,0.0,0.0,0.0,0.0,0.0,0.0,0.00035179436185715784,0.08094448730416644,0.06700007350574501,0.14818726947467437,0.16176864147739947,0.1840376194277049,0.17915548984654295,0.24671514003456238,0.2973056192256535,0.30964269381379794,0.2990668566531858,0.34155229915695895,0.34763976572911437,0.329262298930724,0.31211865042708176,0.25553102005694134,0.23407985705027878,0.21941555531536766,0.20311062853200185,0.18015583330897345,0.15433577224012865,0.10654678396127322,0.026927053261446093,0.04101870565452274,0.04717754562844184,0.009602243003551073,0.014707129673315562,0.01466818812455082,0.001974996941627346,0.0,0.0,0.0,0.0,0.0,0.0,0.0,0.0,0.0,0.0,0.0,0.0,0.0,0.0,0.0,0.0,0.0,0.0,0.0,0.0,0.0,0.0,0.0,0.0,0.0,0.0,0.0,0.0,0.0
0.0,0.0,0.0,0.0,0.0,0.0,0.0,0.0,0.0,0.0,0.0,0.0,0.0,0.0,0.0,0.0,0.0,0.0,0.0,0.0,0.0,0.0,0.0,0.0,0.0,0.0,0.0,0.0,0.0,0.0,0.0,0.0,0.0,0.0,0.0,0.0,0.0,0.010154172430663376,0.010350574046729998,0.011692777734909742,0.015768495050449576,0.029648978546624606,0.05715818872820722,0.056549359468314686,0.09338940926064108,0.10279746217417243,0.11748019083281339,0.13573491271610955,0.09752575135312816,0.10559119457942083,0.08408804325411394,0.04837015481958337,0.06038540083371834,0.06669357052306421,0.042557219723798084,0.05907096384042856,0.06560226561664477,0.05385415539813341,0.054087990048549014,0.06866662478029467,0.0642519395294956,0.0412333908395211,0.032769904489067574,0.027330364885611927,0.01702830523739792,0.00985395087943975,0.0,0.0,0.0,0.0,0.0,0.0,0.0,0.0,0.0,0.0,0.0,0.0,0.0,0.0,0.0,0.0,0.0,0.0,0.0,0.0,0.0,0.0,0.0,0.0,0.0,0.0,0.0,0.0,0.0,0.0
0.0,0.0,0.0,0.0,0.0,0.0,0.0,0.0,0.0,0.0,0.0,0.0,0.0,0.0,0.0,0.0,0.0,0.0,0.0,0.0,0.0,0.0,0.0,0.0,0.0,0.0,0.0,0.0,0.0,0.0,0.0,0.0,0.0,0.0,0.0,0.0,0.007691211663922924,0.019399892732629598,0.011712544043966062,0.043234262316494194,0.06703486345592366,0.07753940212174329,0.0781820484531059,0.08928898457517714,0.08138710966207052,0.07956093253972538,0.0716287169070233,0.1094619116470395,0.08766083062197433,0.08271301487410875,0.07219541467014712,0.07081469179407937,0.0671306011446952,0.06384771646602815,0.03597734857854177,0.04434115228102141,0.04240778452302198,0.031938336131211074,0.03355081708702722,0.013526922656445225,0.024653048709946355,0.019277114105404235,0.008597800906853071,0.004251560805394636,0.0030100338819979704,0.0,0.0,0.0,0.0,0.0,0.0,0.0,0.0,0.0,0.0,0.0,0.0,0.0,0.0,0.0,0.0,0.0,0.0,0.0,0.0,0.0,0.0,0.0,0.0,0.0,0.0,0.0,0.0,0.0,0.0,0.0
0.0,0.0,0.0,0.0,0.0,0.0,0.0,0.0,0.0,0.0,0.0,0.0,0.0,0.0,0.0,0.0,0.0,0.0,0.0,0.0,0.0,0.0,0.0,0.0,0.0,0.0,0.0,0.0,0.0,0.0,0.0,0.0,0.0,0.0,0.0,0.0,0.0,0.0019020206437440398,0.0,0.026614230092901398,0.016457465400249123,0.06357078103882337,0.07025854348511014,0.10970443363193685,0.15225937689088062,0.16703431506409344,0.19498365349756377,0.18217159912101977,0.2155425413445787,0.21912040137179045,0.23887052851714632,0.20896117483931848,0.2218976754773212,0.22928774491401274,0.19953049821233088,0.13214959767514328,0.12260184148279482,0.16326975314369396,0.129740387916628,0.0839290851699604,0.10189080619502819,0.05604764053229401,0.04632289326840283,0.009430335782478955,0.028130697825967152,0.0,0.0,0.0,0.0,0.0,0.0,0.0,0.0,0.0,0.0,0.0,0.0,0.0,0.0,0.0,0.0,0.0,0.0,0.0,0.0,0.0,0.0,0.0,0.0,0.0,0.0,0.0,0.0,0.0,0.0,0.0
0.0,0.0,0.0,0.0,0.0,0.0,0.0,0.0,0.0,0.0,0.0,0.0,0.0,0.0,0.0,0.0,0.0,0.0,0.0,0.0,0.0,0.0,0.0,0.0,0.0,0.0,0.0,0.0,0.0,0.0,0.0,0.0,0.0,0.0,0.0,0.0,0.010456566594349046,0.023895419075278604,0.019572389832647707,0.061434310483864794,0.07712003939357767,0.08751856424449564,0.07002582901101256,0.1121926785231,0.12228316725683785,0.14108241936021068,0.14110115555067568,0.14374579556253966,0.14453615531117975,0.16357730566648632,0.11347419843190398,0.14925570580685335,0.13259780160192536,0.09844977647616998,0.13396285676798733,0.12854058502939245,0.11132450440175434,0.09751238479713238,0.08943504478658965,0.07491343739337665,0.05016694788315566,0.028228201624103784,0.02189909335740794,0.02180944077031341,0.007099970441257861,0.0,0.0,0.0,0.0,0.0,0.0,0.0,0.0,0.0,0.0,0.0,0.0,0.0,0.0,0.0,0.0,0.0,0.0,0.0,0.0,0.0,0.0,0.0,0.0,0.0,0.0,0.0,0.0,0.0,0.0,0.0
0.0,0.0,0.0,0.0,0.0,0.0,0.0,0.0,0.0,0.0,0.0,0.0,0.0,0.0,0.0,0.0,0.0,0.0,0.0,0.0,0.0,0.0,0.0,0.0,0.0,0.0,0.0,0.0,0.0,0.0,0.0,0.0,0.0,0.0,0.0,0.0,0.02679504755119612,0.028359644134878237,0.06933514645362657,0.12447635962693772,0.14604958019876743,0.1879251649958284,0.19275327018276162,0.2230758245264798,0.24060631414624492,0.297649728230129,0.3414455370520886,0.33523497746121667,0.35934889649565416,0.3727791620381463,0.33569982899690454,0.3280548029120701,0.31345894611112046,0.28334905920926984,0.24097681133586696,0.18470875117657892,0.1886432667842131,0.17988582104688816,0.1772721567255639,0.17094390987635294,0.14611915474149204,0.08142483333479758,0.06778673908162203,0.053996208376007916,0.0,0.009217906266025377,0.0,0.0,0.0,0.0,0.0,0.0,0.0,0.0,0.0,0.0,0.0,0.0,0.0,0.0,0.0,0.0,0.0,0.0,0.0,0.0,0.0,0.0,0.0,0.0,0.0,0.0,0.0,0.0,0.0,0.0
0.0,0.0,0.0,0.0,0.0,0.0,0.0,0.0,0.0,0.0,0.0,0.0,0.0,0.0,0.0,0.0,0.0,0.0,0.0,0.0,0.0,0.0,0.0,0.0,0.0,0.0,0.0,0.0,0.0,0.0,0.0,0.0,0.0,0.0,0.0,0.0,0.0,0.004376643228762852,0.012191784462651345,0.017396103273938986,0.015504831881425934,0.03281634817046848,0.025979618656263782,0.04533501159459969,0.03484791169521541,0.055838062912052094,0.06041862661055982,0.06811251968430121,0.07487858139208949,0.06321773551050307,0.07200394600107865,0.06984404200679986,0.059288147642941234,0.0668590610450562,0.053535824764428246,0.059924069245921946,0.06328978984632765,0.05199347316901138,0.05034724435388392,0.036920905151019666,0.03328069505869233,0.028715085900964943,0.014314991565066956,0.0069544728797460344,0.00915096843386275,0.0025648804983607444,0.0,0.0,0.0,0.0,0.0,0.0,0.0,0.0,0.0,0.0,0.0,0.0,0.0,0.0,0.0,0.0,0.0,0.0,0.0,0.0,0.0,0.0,0.0,0.0,0.0,0.0,0.0,0.0,0.0,0.0
0.0,0.0,0.0,0.0,0.0,0.0,0.0,0.0,0.0,0.0,0.0,0.0,0.0,0.0,0.0,0.0,0.0,0.0,0.0,0.0,0.0,0.0,0.0,0.0,0.0,0.0,0.0,0.0,0.0,0.0,0.0,0.0,0.0,0.0,0.0,0.0,0.0,0.0,0.01922354407776971,0.03425684745994803,0.022877320176354618,0.044990136973623626,0.0940950563396052,0.08160930684975316,0.11960547903787336,0.13486808830394786,0.18067706934209024,0.20692825250978078,0.22532911737728092,0.24760890877773084,0.2798235071854994,0.24063072387574827,0.2740620267951632,0.24161603270653845,0.282933394427799,0.23164481201351822,0.21797154537732544,0.19177611063271488,0.17574126396325357,0.12228560497413155,0.11630183395754934,0.05867850587864865,0.03166124041025123,0.005607521168026756,0.03298413861701581,0.0,0.0,0.0,0.0,0.0,0.0,0.0,0.0,0.0,0.0,0.0,0.0,0.0,0.0,0.0,0.0,0.0,0.0,0.0,0.0,0.0,0.0,0.0,0.0,0.0,0.0,0.0,0.0,0.0,0.0,0.0
0.0,0.0,0.0,0.0,0.0,0.0,0.0,0.0,0.0,0.0,0.0,0.0,0.0,0.0,0.0,0.0,0.0,0.0,0.0,0.0,0.0,0.0,0.0,0.0,0.0,0.0,0.0,0.0,0.0,0.0,0.0,0.0,0.0,0.0,0.0,0.0,0.0,0.003085444120755884,0.0,0.041090449002934036,0.08047673702937386,0.1475582176367982,0.14243017014362985,0.16976620788065858,0.23189959516155642,0.2660625506073238,0.276013015697026,0.3057789215921829,0.304754107696884,0.28942140114511367,0.323137583796877,0.32934420523457547,0.3165434536277526,0.3074844830338632,0.22942226168733793,0.22253470882125506,0.2016809935311482,0.14495988338786797,0.10521880359543431,0.12809951081006127,0.09706752260652693,0.06476672132917852,0.0,0.005028371670579672,0.009464818898311998,0.0,0.0,0.0,0.0,0.0,0.0,0.0,0.0,0.0,0.0,0.0,0.0,0.0,0.0,0.0,0.0,0.0,0.0,0.0,0.0,0.0,0.0,0.0,0.0,0.0,0.0,0.0,0.0,0.0,0.0,0.0
0.0,0.0,0.0,0.0,0.0,0.0,0.0,0.0,0.0,0.0,0.0,0.0,0.0,0.0,0.0,0.0,0.0,0.0,0.0,0.0,0.0,0.0,0.0,0.0,0.0,0.0,0.0,0.0,0.0,0.0,0.0,0.0,0.0,0.0,0.0,0.0,0.0,0.00042674040687158514,0.014671524124453526,0.02084472722099577,0.016984522741571396,0.025325464320469605,0.025251899971825198,0.05870107132158035,0.028183621189269578,0.09396621202555465,0.11121876502290716,0.12965999937123066,0.11259711056546165,0.14230950989307867,0.12193828022169619,0.19280773289302136,0.21212998955719342,0.20228593613763696,0.23316026935623962,0.25796756377760716,0.2556590540438527,0.20437786041433026,0.1893575348178845,0.11227068852443309,0.07997382389590901,0.097725816646176,0.05553302418549087,0.016093998669523657,0.0,0.008660868685080647,0.005220032395596199,0.0,0.0,0.0,0.0,0.0,0.0,0.0,0.0,0.0,0.0,0.0,0.0,0.0,0.0,0.0,0.0,0.0,0.0,0.0,0.0,0.0,0.0,0.0,0.0,0.0,0.0,0.0,0.0,0.0
0.0,0.0,0.0,0.0,0.0,0.0,0.0,0.0,0.0,0.0,0.0,0.0,0.0,0.0,0.0,0.0,0.0,0.0,0.0,0.0,0.0,0.0,0.0,0.0,0.0,0.0,0.0,0.0,0.0,0.0,0.0,0.0,0.0,0.0,0.0,0.0,0.0,0.0,0.0,0.012738079815510374,0.008000457846056389,0.017826654420247973,0.02225781986898417,0.03828241332107795,0.03867097797321048,0.04565906950609336,0.04083357435606145,0.04256365795200236,0.04920774660439427,0.0506471056807882,0.04962425054856101,0.053057345206323075,0.055372139378189814,0.055683980315817706,0.049755776575208584,0.050324565023305345,0.04044013230454978,0.035057807196817205,0.025630168437433973,0.02056018835740943,0.01788347676109279,0.019501353525993727,0.01492312837596285,0.010639160525393317,0.00508020032946991,0.0,0.0,0.0,0.0,0.0,0.0,0.0,0.0,0.0,0.0,0.0,0.0,0.0,0.0,0.0,0.0,0.0,0.0,0.0,0.0,0.0,0.0,0.0,0.0,0.0,0.0,0.0,0.0,0.0,0.0,0.0
0.0,0.0,0.0,0.0,0.0,0.0,0.0,0.0,0.0,0.0,0.0,0.0,0.0,0.0,0.0,0.0,0.0,0.0,0.0,0.0,0.0,0.0,0.0,0.0,0.0,0.0,0.0,0.0,0.0,0.0,0.0,0.0,0.0,0.0,0.0,0.0,0.004528816559913233,0.005270512950448814,0.0,0.03599643928193207,0.051217362096785006,0.08601915105944659,0.10323166289340616,0.09817194308417844,0.13738274759644264,0.12388880651280135,0.11596930912634644,0.086177410580142,0.10705279892862907,0.0866597526874551,0.07880097328961239,0.09591078637862611,0.09708487682440115,0.0776704612394076,0.07663692368043996,0.06722866466865227,0.07685476133916888,0.08501690912066423,0.07520005914671109,0.07453855724810982,0.07565871785587133,0.03761291764181956,0.03846273605225667,0.03162455754726551,0.0029649737569970303,0.0,0.0,0.0,0.0,0.0,0.0,0.0,0.0,0.0,0.0,0.0,0.0,0.0,0.0,0.0,0.0,0.0,0.0,0.0,0.0,0.0,0.0,0.0,0.0,0.0,0.0,0.0,0.0,0.0,0.0,0.0
0.0,0.0,0.0,0.0,0.0,0.0,0.0,0.0,0.0,0.0,0.0,0.0,0.0,0.0,0.0,0.0,0.0,0.0,0.0,0.0,0.0,0.0,0.0,0.0,0.0,0.0,0.0,0.0,0.0,0.0,0.0,0.0,0.0,0.0,0.0,0.0,0.0,0.011475456470981147,0.0,0.01728805211611756,0.041232091536988105,0.06703052702257753,0.09557118728790842,0.10337701568961721,0.12107945875550682,0.13465858554402604,0.15540816491325513,0.16609249653294586,0.20248121470540287,0.18413652634509953,0.23300207690345992,0.3028654154821594,0.28863645754111,0.2576391690549022,0.23086832475753127,0.20063914597103183,0.20154954833964225,0.1556230995720623,0.1486383064932542,0.110931809869882,0.11191501680835711,0.08205178302267707,0.037397145232742145,0.03654755626576026,0.01100843396198397,0.012554974110672794,0.013912963824835608,0.0,0.0,0.0,0.0,0.0,0.0,0.0,0.0,0.0,0.0,0.0,0.0,0.0,0.0,0.0,0.0,0.0,0.0,0.0,0.0,0.0,0.0,0.0,0.0,0.0,0.0,0.0,0.0,0.0
0.0,0.0,0.0,0.0,0.0,0.0,0.0,0.0,0.0,0.0,0.0,0.0,0.0,0.0,0.0,0.0,0.0,0.0,0.0,0.0,0.0,0.0,0.0,0.0,0.0,0.0,0.0,0.0,0.0,0.0,0.0,0.0,0.0,0.0,0.0,0.0016718083388790057,0.0031208497323090747,0.005867796947595328,0.009681331487396758,0.011852172288396056,0.018040228547507354,0.02171827331499404,0.02303013256927578,0.026569156005937723,0.03174718530393652,0.02782390230101378,0.03381940040267007,0.0336337659960498,0.03572104859668831,0.03810051586091393,0.04095070837769168,0.035034079089894955,0.040153673801882776,0.03915188052267525,0.04162009181592442,0.04072838598153868,0.04090533454858572,0.04042120185360988,0.033243382958276335,0.026531896301685075,0.016874202573194684,0.01392431356569623,0.010393264551408522,0.0034913425281749566,0.0,0.0,0.0,0.0,0.0,0.0,0.0,0.0,0.0,0.0,0.0,0.0,0.0,0.0,0.0,0.0,0.0,0.0,0.0,0.0,0.0,0.0,0.0,0.0,0.0,0.0,0.0,0.0,0.0,0.0,0.0,0.0
0.0,0.0,0.0,0.0,0.0,0.0,0.0,0.0,0.0,0.0,0.0,0.0,0.0,0.0,0.0,0.0,0.0,0.0,0.0,0.0,0.0,0.0,0.0,0.0,0.0,0.0,0.0,0.0,0.0,0.0,0.0,0.0,0.0,0.0,0.0,0.0,0.006497550631570334,0.0,0.022300054605073623,0.038492963590142676,0.04532167910093542,0.07630991313447086,0.11053870534069841,0.07768635527338377,0.07866825322778298,0.08387655333306801,0.12115155238908129,0.16032699327282737,0.15847725125438514,0.21783588052823932,0.1801440350877312,0.18017345876980695,0.20379278388002267,0.23653166910075138,0.18150322173034783,0.2644776665387605,0.2511461511552377,0.18230387847719598,0.1076232422513119,0.12049443702083729,0.11090872826538044,0.04880480086191034,0.059742470194577124,0.025227737940896347,0.014509446354800174,0.0029778096622926353,0.0,0.0,0.0,0.0,0.0,0.0,0.0,0.0,0.0,0.0,0.0,0.0,0.0,0.0,0.0,0.0,0.0,0.0,0.0,0.0,0.0,0.0,0.0,0.0,0.0,0.0,0.0,0.0,0.0,0.0
0.0,0.0,0.0,0.0,0.0,0.0,0.0,0.0,0.0,0.0,0.0,0.0,0.0,0.0,0.0,0.0,0.0,0.0,0.0,0.0,0.0,0.0,0.0,0.0,0.0,0.0,0.0,0.0,0.0,0.0,0.0,0.0,0.0,0.0,0.0,0.0,0.00181234118164076,0.0049343316662585,0.034701411682407673,0.0778974522445552,0.07463271925085246,0.11887631061152051,0.16233376084458967,0.20225575667525802,0.2274803067355293,0.23255588067567948,0.25379308612110585,0.20412831963340458,0.30562303940867175,0.3092641728286365,0.3326194931772136,0.37423741440960206,0.3534743142751484,0.2801807720906864,0.16265065346295218,0.07963274525425244,0.1060276083416544,0.05207409200279396,0.04277388224474338,0.014024782235521727,0.049371995275435135,0.015491023597245412,0.04172058792073664,0.005288419624880539,0.0,0.0064880864616617805,0.0,0.0,0.0002283693147772472,0.0,0.0,0.0,0.0,0.0,0.0,0.0,0.0,0.0,0.0,0.0,0.0,0.0,0.0,0.0,0.0,0.0,0.0,0.0,0.0,0.0,0.0,0.0,0.0,0.0,0.0,0.0
0.0,0.0,0.0,0.0,0.0,0.0,0.0,0.0,0.0,0.0,0.0,0.0,0.0,0.0,0.0,0.0,0.0,0.0,0.0,0.0,0.0,0.0,0.0,0.0,0.0,0.0,0.0,0.0,0.0,0.0,0.0,0.0,0.0,0.0,0.0,0.0,0.0,0.0,0.007871502747349048,0.014688827226851851,0.023214109112334305,0.030331501417143233,0.03699921446649096,0.04893056743566389,0.0503801488305708,0.05659355746361563,0.0628621558297305,0.06640288982851067,0.0690140372253338,0.07088095987179506,0.07002450308326277,0.05706853582369664,0.06254967198621228,0.06079219684339614,0.05656525703186549,0.05075062095909513,0.04020414568675102,0.039340282419952764,0.03165883301292497,0.0229552722729065,0.016899270856199515,0.013137346170820494,0.011403126376551923,0.004558109358095465,0.0,0.0,0.0,0.0,0.0,0.0,0.0,0.0,0.0,0.0,0.0,0.0,0.0,0.0,0.0,0.0,0.0,0.0,0.0,0.0,0.0,0.0,0.0,0.0,0.0,0.0,0.0,0.0,0.0,0.0,0.0,0.0
0.0,0.0,0.0,0.0,0.0,0.0,0.0,0.0,0.0,0.0,0.0,0.0,0.0,0.0,0.0,0.0,0.0,0.0,0.0,0.0,0.0,0.0,0.0,0.0,0.0,0.0,0.0,0.0,0.0,0.0,0.0,0.0,0.0,0.0,0.0,0.0,0.0,0.0014752035445657046,0.002392480139517935,0.004015918621084316,0.013142890584592502,0.014700640422860707,0.020347998700184666,0.019409843944032532,0.029901724841664576,0.03595015038583467,0.04803042016946873,0.05114333516143203,0.0450763314357407,0.05009793442038686,0.056507454062603296,0.0617003405869096,0.0624169570945631,0.06681193760349054,0.06045415762892135,0.0698829983109455,0.06620539616641097,0.05554082036890108,0.06417987850877488,0.05739514920360363,0.04449558454341032,0.042353751307441734,0.03172032975124756,0.022219190294529522,0.015045449993858925,0.009930553693248844,0.002900608783557812,0.0,0.0,0.0,0.0,0.0,0.0,0.0,0.0,0.0,0.0,0.0,0.0,0.0,0.0,0.0,0.0,0.0,0.0,0.0,0.0,0.0,0.0,0.0,0.0,0.0,0.0,0.0,0.0,0.0
0.0,0.0,0.0,0.0,0.0,0.0,0.0,0.0,0.0,0.0,0.0,0.0,0.0,0.0,0.0,0.0,0.0,0.0,0.0,0.0,0.0,0.0,0.0,0.0,0.0,0.0,0.0,0.0,0.0,0.0,0.0,0.0,0.0,0.0,0.0,0.0,0.0,0.0,0.013560074199079952,0.07852172208631418,0.0687581105217108,0.15124433177319246,0.143993721405042,0.19263508845185165,0.2244746716723827,0.3148992788060737,0.3231021674337924,0.3979718760468671,0.38363164387996335,0.46503301089982474,0.44903733860700135,0.47305720989307376,0.4668854155391749,0.4083447095277624,0.44057961023484904,0.4483121117649444,0.38905530882583195,0.38493151806896175,0.2922618006575231,0.23130702757861876,0.2015828681648315,0.11742022994173623,0.12097578116883512,0.06658010936972476,0.07091853309791923,0.04982453741067938,0.02017009870118183,0.0,0.0,0.0,0.0,0.0,0.0,0.0,0.0,0.0,0.0,0.0,0.0,0.0,0.0,0.0,0.0,0.0,0.0,0.0,0.0,0.0,0.0,0.0,0.0,0.0,0.0,0.0,0.0,0.0
0.0,0.0,0.0,0.0,0.0,0.0,0.0,0.0,0.0,0.0,0.0,0.0,0.0,0.0,0.0,0.0,0.0,0.0,0.0,0.0,0.0,0.0,0.0,0.0,0.0,0.0,0.0,0.0,0.0,0.0,0.0,0.0,0.0,0.0,0.0,0.0,0.008666612182145936,0.004631979896736724,0.023178027160705286,0.03292186009988625,0.03571029069275508,0.03979783279839736,0.04406648403694925,0.05380826911881839,0.06768743105231467,0.07010575989526006,0.06566432638612882,0.0801475295911892,0.08412974867911627,0.07389733113217493,0.08070241816528004,0.07267561210297951,0.06959508017653382,0.07562578736512486,0.06582393084975145,0.07155665309950406,0.06453863659812595,0.047862847059040745,0.059827918491771125,0.04493845834019841,0.04910419670094543,0.03844998459038328,0.03188804880609949,0.019027537150673138,0.010013418584194021,0.005529591586119562,0.0,0.0,0.0,0.0,0.0,0.0,0.0,0.0,0.0,0.0,0.0,0.0,0.0,0.0,0.0,0.0,0.0,0.0,0.0,0.0,0.0,0.0,0.0,0.0,0.0,0.0,0.0,0.0,0.0,0.0
0.0,0.0,0.0,0.0,0.0,0.0,0.0,0.0,0.0,0.0,0.0,0.0,0.0,0.0,0.0,0.0,0.0,0.0,0.0,0.0,0.0,0.0,0.0,0.0,0.0,0.0,0.0,0.0,0.0,0.0,0.0,0.0,0.0,0.0,0.0,0.0,0.0,0.0014838216793701306,0.0026107268815920973,0.006843116594646778,0.008800054381742828,0.006504658991117225,0.013771049790401526,0.013414915840175706,0.024103599459698637,0.01657226791722205,0.02841336910745574,0.03767862210700115,0.038962768468366854,0.035560454808202975,0.033253000218634816,0.03900267246791487,0.04656232966665163,0.042690236537213516,0.0426119459221604,0.048682303559479244,0.03842287962129036,0.037272818109797747,0.03091725869129499,0.038900635176261335,0.03360727695867638,0.029203200491846278,0.017492986913424918,0.01772473913704921,0.00919595931474845,0.006850431985427074,0.00283092563008998,0.0,0.0,0.0,0.0,0.0,0.0,0.0,0.0,0.0,0.0,0.0,0.0,0.0,0.0,0.0,0.0,0.0,0.0,0.0,0.0,0.0,0.0,0.0,0.0,0.0,0.0,0.0,0.0,0.0
0.0,0.0,0.0,0.0,0.0,0.0,0.0,0.0,0.0,0.0,0.0,0.0,0.0,0.0,0.0,0.0,0.0,0.0,0.0,0.0,0.0,0.0,0.0,0.0,0.0,0.0,0.0,0.0,0.0,0.0,0.0,0.0,0.0,0.0,4.4266317265019214e-05,0.0,0.004228069402942198,0.005667090478873418,0.008900367938924602,0.01781237963676336,0.022214392733180925,0.033881945593097006,0.04394802601316285,0.05509489702549485,0.055371320822703074,0.06022629632425865,0.06982661878230988,0.05902945700922263,0.05646594653715487,0.03772355035436875,0.04504379107403721,0.037380817203600106,0.03277546852993809,0.03961850641047467,0.024795324391468726,0.030152199434411466,0.03165973551454741,0.03263994174924718,0.01681881380363027,0.02246595735224411,0.021493880912470276,0.010356184703359278,0.009162066097515954,0.010051526790558932,0.002062576206379868,0.0,0.0003147928340480025,0.0,0.0,0.0,0.0,0.0,0.0,0.0,0.0,0.0,0.0,0.0,0.0,0.0,0.0,0.0,0.0,0.0,0.0,0.0,0.0,0.0,0.0,0.0,0.0,0.0,0.0,0.0,0.0,0.0
0.0,0.0,0.0,0.0,0.0,0.0,0.0,0.0,0.0,0.0,0.0,0.0,0.0,0.0,0.0,0.0,0.0,0.0,0.0,0.0,0.0,0.0,0.0,0.0,0.0,0.0,0.0,0.0,0.0,0.0,0.0,0.0,0.0,0.0,0.008190003045398478,0.023093753603718677,0.038306994622070246,0.07563092463928976,0.08758852594024448,0.1294104878307149,0.1438725494830055,0.13007442194178892,0.2092104961219396,0.2088024039521197,0.2359165756820983,0.25077452479545337,0.24942096135749006,0.2673718876862067,0.24287619813230543,0.24942052097776776,0.2600762502237805,0.23326573383787494,0.2267780753409536,0.23777876185217797,0.23576827842214076,0.2487410795262662,0.20977838845913774,0.181434921619068,0.14333401197301696,0.1496122470302579,0.08736091361671515,0.07663202098337506,0.06529748008780903,0.03221649235577172,0.0,0.01272972648484589,0.008331122094754048,0.0,0.0,0.0,0.0,0.0,0.0,0.0,0.0,0.0,0.0,0.0,0.0,0.0,0.0,0.0,0.0,0.0,0.0,0.0,0.0,0.0,0.0,0.0,0.0,0.0,0.0,0.0,0.0,0.0
0.0,0.0,0.0,0.0,0.0,0.0,0.0,0.0,0.0,0.0,0.0,0.0,0.0,0.0,0.0,0.0,0.0,0.0,0.0,0.0,0.0,0.0,0.0,0.0,0.0,0.0,0.0,0.0,0.0,0.0,0.0,0.0,0.0,0.0,0.0,0.0,0.015085840855826977,0.008243883245739637,0.025369422843609196,0.013024804029169754,0.03356422439506643,0.03968576419600735,0.03196476317313707,0.04697727705376256,0.04539055786233156,0.038826508839128304,0.07445353725339895,0.0893863637674818,0.11496280660177133,0.11778983788966121,0.11500748966037368,0.11372443551710307,0.10841223841822263,0.11288109035833703,0.08292791067861469,0.08459115596478464,0.09052653957732905,0.08582526682760516,0.09312379302237461,0.06809019710279295,0.052017709874437275,0.020271065538458293,0.02281765096661845,0.0016547277052184842,0.002265026213160036,0.0,0.0,0.0029541603364654024,0.0,0.0,0.0,0.0,0.0,0.0,0.0,0.0,0.0,0.0,0.0,0.0,0.0,0.0,0.0,0.0,0.0,0.0,0.0,0.0,0.0,0.0,0.0,0.0,0.0,0.0,0.0,0.0
0.0,0.0,0.0,0.0,0.0,0.0,0.0,0.0,0.0,0.0,0.0,0.0,0.0,0.0,0.0,0.0,0.0,0.0,0.0,0.0,0.0,0.0,0.0,0.0,0.0,0.0,0.0,0.0,0.0,0.0,0.0,0.0,0.0,0.0,0.0,0.011701330572740799,0.004137285223351647,0.08788082020893634,0.10760320534946341,0.13741291426250557,0.16203964235261867,0.1871727172194672,0.28444432320405094,0.2597771259764407,0.3189814661248431,0.2931161320495605,0.36431903777060526,0.3674268847547361,0.34114665015921236,0.32688583850638825,0.30820361718832756,0.3251187198636743,0.33420851087939696,0.33582927083284514,0.24012194053711247,0.3204764299160204,0.2945605575776087,0.29375081481695375,0.21866114376379708,0.235423191646876,0.1661381266970566,0.17180366825382937,0.13994315865874307,0.11114190043311085,0.03062296077305604,0.05512805781515154,0.0,0.0,0.0,0.0,0.0,0.0,0.0,0.0,0.0,0.0,0.0,0.0,0.0,0.0,0.0,0.0,0.0,0.0,0.0,0.0,0.0,0.0,0.0,0.0,0.0,0.0,0.0,0.0,0.0,0.0
0.0,0.0,0.0,0.0,0.0,0.0,0.0,0.0,0.0,0.0,0.0,0.0,0.0,0.0,0.0,0.0,0.0,0.0,0.0,0.0,0.0,0.0,0.0,0.0,0.0,0.0,0.0,0.0,0.0,0.0,0.0,0.0,0.0,0.0,0.0,0.0,0.0,2.6680088027567286e-05,0.011004012672299224,0.01745110787949917,0.02558752266773539,0.029471241393768468,0.041696142804483284,0.04339096298345261,0.057626919116573305,0.06695388777728313,0.07280687934718663,0.07187878517214881,0.07364876543170645,0.037825564549824914,0.059002846377731025,0.05432007276644336,0.055083941872192385,0.0608666715158713,0.06148913770276891,0.06194656513638213,0.054583404246953925,0.04823890791051017,0.03461416499736758,0.03460259226078688,0.03546716553121459,0.026658398444159903,0.007610845137083926,0.018939875755547095,0.014191713656605933,0.009887321523228566,0.004763137282954355,0.0,0.0,0.0,0.0,0.0,0.0,0.0,0.0,0.0,0.0,0.0,0.0,0.0,0.0,0.0,0.0,0.0,0.0,0.0,0.0,0.0,0.0,0.0,0.0,0.0,0.0,0.0,0.0,0.0
0.0,0.0,0.0,0.0,0.0,0.0,0.0,0.0,0.0,0.0,0.0,0.0,0.0,0.0,0.0,0.0,0.0,0.0,0.0,0.0,0.0,0.0,0.0,0.0,0.0,0.0,0.0,0.0,0.0,0.0,0.0,0.0,0.0,0.0,0.0,0.0,0.002025359983060711,0.009464829430389933,0.017866323953407107,0.019227429857116694,0.02352937488407394,0.030799750616104623,0.04139787712044743,0.04050820253336772,0.04311039213300154,0.05526029114789432,0.0628547132762597,0.05844498765303113,0.05340612185219195,0.05836720642125835,0.06034121811254982,0.05637624261662251,0.0496100520739249,0.042540437997133064,0.046479957431514354,0.0403189192325196,0.01917171821927446,0.02304717403505842,0.03135799035579997,0.0327878473849768,0.03181916561591442,0.03673844114066243,0.04068272928311608,0.047248159857587395,0.03764931237825941,0.020622086244283733,0.008341559140397522,0.0006854808104031843,0.0,0.0,0.0,0.0,0.0,0.0,0.0,0.0,0.0,0.0,0.0,0.0,0.0,0.0,0.0,0.0,0.0,0.0,0.0,0.0,0.0,0.0,0.0,0.0,0.0,0.0,0.0,0.0
0.0,0.0,0.0,0.0,0.0,0.0,0.0,0.0,0.0,0.0,0.0,0.0,0.0,0.0,0.0,0.0,0.0,0.0,0.0,0.0,0.0,0.0,0.0,0.0,0.0,0.0,0.0,0.0,0.0,0.0,0.0,0.0,0.0,0.0,0.0,0.007091482474771783,0.004992235098895011,0.0182393979331,0.030760839297865064,0.060866269035880806,0.08637899417596834,0.07596951830712366,0.10554540035828863,0.13239757076103004,0.1445961626629941,0.1852641494706021,0.20547827474380118,0.19601697944512833,0.16480218502382127,0.11016350350704122,0.1630066423217968,0.1710498596587511,0.17095965710099484,0.1561445739535167,0.15318008323625282,0.1619433465392564,0.14458738016607403,0.14108919649424234,0.08179943662468306,0.10038946818806424,0.08290410346546698,0.049661697837203075,0.03195380039983373,0.04695792479414669,0.0,0.011179326856403497,0.016824917331111883,0.011997958214175153,0.0,0.0,0.0,0.0,0.0,0.0,0.0,0.0,0.0,0.0,0.0,0.0,0.0,0.0,0.0,0.0,0.0,0.0,0.0,0.0,0.0,0.0,0.0,0.0,0.0,0.0,0.0,0.0
0.0,0.0,0.0,0.0,0.0,0.0,0.0,0.0,0.0,0.0,0.0,0.0,0.0,0.0,0.0,0.0,0.0,0.0,0.0,0.0,0.0,0.0,0.0,0.0,0.0,0.0,0.0,0.0,0.0,0.0,0.0,0.0,0.0,0.0,0.0,0.0,0.001521147272627209,0.0028353613962068783,0.006182741905964465,0.0,0.0018226825439790727,0.004492718741365946,0.015167813428984062,0.013819562267589212,0.017832772993928114,0.027484822573455307,0.03224292168237161,0.02469403881187894,0.03351437910482548,0.03919108824746468,0.03981058558154246,0.05194496792655886,0.05431387542625171,0.05982905949253819,0.06892256700105666,0.06931955431374345,0.07106058303937161,0.0661488438149547,0.07831637315107481,0.06381503677614146,0.061914682052474024,0.05588895597853736,0.04336566158767682,0.036204258188713104,0.021595190302343345,0.012966802199229445,0.013694656581999469,0.007109364525058627,0.0,0.0,0.0,0.0,0.0,0.0,0.0,0.0,0.0,0.0,0.0,0.0,0.0,0.0,0.0,0.0,0.0,0.0,0.0,0.0,0.0,0.0,0.0,0.0,0.0,0.0,0.0,0.0
0.0,0.0,0.0,0.0,0.0,0.0,0.0,0.0,0.0,0.0,0.0,0.0,0.0,0.0,0.0,0.0,0.0,0.0,0.0,0.0,0.0,0.0,0.0,0.0,0.0,0.0,0.0,0.0,0.0,0.0,0.0,0.0,0.0,0.0,0.0,0.0,0.009811894075310043,0.013662702073595719,0.03549370698939783,0.030807525295882737,0.054383709029701646,0.06948966728300593,0.07552954599306752,0.08337265718398647,0.07452473708697877,0.09154343372445543,0.09238971390404793,0.1059838899455197,0.08863993470859213,0.07290857962052133,0.09975659218712007,0.1212617230743678,0.13428116766761586,0.1296706325066328,0.11654988659931169,0.11988566620545674,0.11833184885105948,0.12967689719650372,0.09806475205758908,0.07429251564909943,0.04830144657400949,0.01771334330121824,0.025814476343661626,0.02215794114159868,0.020931375483933833,0.0,0.002849553543363508,0.0,0.003007857486912489,0.0,0.0,0.0,0.0,0.0,0.0,0.0,0.0,0.0,0.0,0.0,0.0,0.0,0.0,0.0,0.0,0.0,0.0,0.0,0.0,0.0,0.0,0.0,0.0,0.0,0.0,0.0
0.0,0.0,0.0,0.0,0.0,0.0,0.0,0.0,0.0,0.0,0.0,0.0,0.0,0.0,0.0,0.0,0.0,0.0,0.0,0.0,0.0,0.0,0.0,0.0,0.0,0.0,0.0,0.0,0.0,0.0,0.0,0.0,0.0,0.0,0.0,0.001494067870305045,0.014500021772703889,0.10124173128319525,0.06560397386692678,0.2188863156721808,0.2182482891435033,0.28486194022549816,0.27039783358516395,0.4135078296511562,0.44123121153822437,0.44102418923625586,0.4835388481742927,0.5085577140116301,0.4985566415007784,0.491003344742247,0.5116683405498514,0.5129252030170961,0.5197474632162927,0.5205127787723467,0.44016685073864076,0.5027628813407776,0.43200720884000277,0.43524034515473303,0.318316154487991,0.30368005644081286,0.25935611945412207,0.1531962862057886,0.12223262682520164,0.05136403574193975,0.094901573545585,0.0813357903011847,0.018700040325150963,0.0320153653458561,0.0,0.0,0.0,0.0,0.0,0.0,0.0,0.0,0.0,0.0,0.0,0.0,0.0,0.0,0.0,0.0,0.0,0.0,0.0,0.0,0.0,0.0,0.0,0.0,0.0,0.0,0.0,0.0
0.0,0.0,0.0,0.0,0.0,0.0,0.0,0.0,0.0,0.0,0.0,0.0,0.0,0.0,0.0,0.0,0.0,0.0,0.0,0.0,0.0,0.0,0.0,0.0,0.0,0.0,0.0,0.0,0.0,0.0,0.0,0.0,0.0,0.0,0.0,0.0,0.0,0.0,0.005077693090534805,0.017324270729781148,0.013754813722048623,0.020928331654965153,0.010545909004860278,0.01283750563784629,0.021653145749548103,0.02205271056880023,0.02186082644479737,0.02819358437035715,0.029056419889578057,0.035234699586126496,0.030729536022470073,0.04502228225584656,0.055958638518482325,0.03187527365529994,0.023859066850025392,0.010205809644347212,0.019866902992633023,0.016763257825724177,0.03851593218531161,0.049988623796386945,0.04551200882092541,0.03913250954033336,0.04151555161398364,0.04750985896421132,0.05632554845773013,0.038861654364157394,0.02251159127554503,0.008724468393520418,0.00010790970719435581,0.0,0.0,0.0,0.0,0.0,0.0,0.0,0.0,0.0,0.0,0.0,0.0,0.0,0.0,0.0,0.0,0.0,0.0,0.0,0.0,0.0,0.0,0.0,0.0,0.0,0.0,0.0
0.0,0.0,0.0,0.0,0.0,0.0,0.0,0.0,0.0,0.0,0.0,0.0,0.0,0.0,0.0,0.0,0.0,0.0,0.0,0.0,0.0,0.0,0.0,0.0,0.0,0.0,0.0,0.0,0.0,0.0,0.0,0.0,0.0,0.0,0.0,0.0,0.018761672207172418,0.03786746858128787,0.11334102446028482,0.13548717084092532,0.12470887234395378,0.24452256458925423,0.30171173877355234,0.3205140369831056,0.4384267015902635,0.3427777421069764,0.4514394292341964,0.48537345963376594,0.4909885502790253,0.4505173263829303,0.4890880731451825,0.5124952606070545,0.5196093757107663,0.42903911347067125,0.5432380830644784,0.5415353873957239,0.4140066738679732,0.43054995341841823,0.47124137729961574,0.4311056871631888,0.3876802112022292,0.2724604256242316,0.29722107586785745,0.2300854122769448,0.13129850671617124,0.10303524743352291,0.08845731507659026,0.007345281005773439,0.011035158664470461,0.0037504992973133432,0.0,0.0,0.0,0.0,0.0,0.0,0.0,0.0,0.0,0.0,0.0,0.0,0.0,0.0,0.0,0.0,0.0,0.0,0.0,0.0,0.0,0.0,0.0,0.0,0.0,0.0
0.0,0.0,0.0,0.0,0.0,0.0,0.0,0.0,0.0,0.0,0.0,0.0,0.0,0.0,0.0,0.0,0.0,0.0,0.0,0.0,0.0,0.0,0.0,0.0,0.0,0.0,0.0,0.0,0.0,0.0,0.0,0.0,0.0,0.0,0.0,0.0,0.0,0.03389421986953236,0.03437477558641009,0.04483878353168999,0.061716012832712365,0.096961378843528,0.11237841253157264,0.10910802106658567,0.13085618617512917,0.13409118502238035,0.12249965956514611,0.1350077408924786,0.13598519396133604,0.16604017241371843,0.19101481609570437,0.19597084256047792,0.19280616667518244,0.166331503973218,0.17712235294091022,0.178551910128707,0.1308706004902703,0.15032437145640137,0.13587875225763163,0.11612092171860043,0.1182583854544461,0.1407340137322952,0.1266689829844825,0.1257724792241591,0.07331241054806258,0.043823049850104545,0.03626573511986829,0.008812392503805448,0.006609126311035645,0.0,0.0,0.0,0.0,0.0,0.0,0.0,0.0,0.0,0.0,0.0,0.0,0.0,0.0,0.0,0.0,0.0,0.0,0.0,0.0,0.0,0.0,0.0,0.0,0.0,0.0,0.0
0.0,0.0,0.0,0.0,0.0,0.0,0.0,0.0,0.0,0.0,0.0,0.0,0.0,0.0,0.0,0.0,0.0,0.0,0.0,0.0,0.0,0.0,0.0,0.0,0.0,0.0,0.0,0.0,0.0,0.0,0.0,0.0,0.0,0.0,0.0,0.0,0.005270518141535074,0.023428019162456543,0.04826134842436532,0.0,0.05039271984585275,0.06158535863774155,0.10352263864895293,0.10924612531018764,0.09785259339186947,0.12199077728216573,0.15615245557790253,0.2692074016323362,0.2800715541856203,0.3054439801318463,0.27448351367571966,0.2896813189005549,0.3071196144226134,0.26150058169838314,0.25086127814285236,0.2579027271134181,0.2694606192245241,0.248640686478028,0.26675387821865026,0.24475549792790402,0.22854136768913258,0.20248995175948883,0.15004222972877984,0.1540374833175143,0.12922072995028241,0.10269210473901727,0.05753054406825004,0.03482490629185733,0.02040399030278427,0.0,0.0,0.0,0.0,0.0,0.0,0.0,0.0,0.0,0.0,0.0,0.0,0.0,0.0,0.0,0.0,0.0,0.0,0.0,0.0,0.0,0.0,0.0,0.0,0.0,0.0,0.0
0.0,0.0,0.0,0.0,0.0,0.0,0.0,0.0,0.0,0.0,0.0,0.0,0.0,0.0,0.0,0.0,0.0,0.0,0.0,0.0,0.0,0.0,0.0,0.0,0.0,0.0,0.0,0.0,0.0,0.0,0.0,0.0,0.0,0.0,0.0038105850700020124,0.004367231859383959,0.022632989956659365,0.023485883345624563,0.044333563633790984,0.05577749045221163,0.043634545721749116,0.043220996765407596,0.04979749697818789,0.05595263497602596,0.036922733125010695,0.06140546560225627,0.0596528652584535,0.04824407653704249,0.06128011047425439,0.06601221056390602,0.07421239234841007,0.08672850009433426,0.08793032234008999,0.1129633271008003,0.10274490830583695,0.09796335923942641,0.0987452794068312,0.10181809046782311,0.10739854688352014,0.10509064105700772,0.09501905071022877,0.07183060239355907,0.06311596829845995,0.04406981887647492,0.03250208965678678,0.04096894802408169,0.026120956129349154,0.016713203075563947,0.0,0.0,0.0,0.0,0.0,0.0,0.0,0.0,0.0,0.0,0.0,0.0,0.0,0.0,0.0,0.0,0.0,0.0,0.0,0.0,0.0,0.0,0.0,0.0,0.0,0.0,0.0,0.0
0.0,0.0,0.0,0.0,0.0,0.0,0.0,0.0,0.0,0.0,0.0,0.0,0.0,0.0,0.0,0.0,0.0,0.0,0.0,0.0,0.0,0.0,0.0,0.0,0.0,0.0,0.0,0.0,0.0,0.0,0.0,0.0,0.0,0.0,0.0,0.0,0.0632180750050507,0.06580544849290412,0.04815362501878581,0.16063839851239367,0.18145512107624368,0.22648539868233547,0.34104762110541353,0.37584042758224745,0.3749483765123002,0.3129539569247401,0.35565004694318014,0.3341518380214826,0.3827377959516092,0.33218756893573365,0.42039249798142103,0.31970026123924034,0.4964246069878781,0.46252246532894575,0.4344962912041793,0.48095180368153645,0.42211888103720696,0.28162390099331647,0.3099451827606575,0.2896450999608957,0.24820714952098316,0.2195287998410439,0.20839445476912552,0.14111374106822255,0.14640283485532543,0.07884242368240353,0.017740217701239402,0.011553227154196419,0.0,0.0,0.0,0.0,0.0,0.0,0.0,0.0,0.0,0.0,0.0,0.0,0.0,0.0,0.0,0.0,0.0,0.0,0.0,0.0,0.0,0.0,0.0,0.0,0.0,0.0,0.0,0.0
0.0,0.0,0.0,0.0,0.0,0.0,0.0,0.0,0.0,0.0,0.0,0.0,0.0,0.0,0.0,0.0,0.0,0.0,0.0,0.0,0.0,0.0,0.0,0.0,0.0,0.0,0.0,0.0,0.0,0.0,0.0,0.0,0.0,0.0,0.0,0.023397499410044667,0.03666388038123673,0.07517533991039192,0.10070422250947189,0.16062218366354455,0.24581134276612868,0.2589235722617448,0.2732790217214144,0.4531336490885839,0.4608620637819588,0.5607583642649562,0.5738087174262086,0.634951957697104,0.6433046197850395,0.6863444386372747,0.693183588705274,0.5341555605764313,0.64530598511037,0.637545298509231,0.6101114444020621,0.5489401503903794,0.6051706631542372,0.5971639695343234,0.5025537232814661,0.4604123456219915,0.48190879610658766,0.34542596523677765,0.2778946412823484,0.24611887486555994,0.1291548095776325,0.12370915042429649,0.0048040251931596445,0.07317228830861328,0.01602166947600329,0.0,0.0,0.0,0.0,0.0,0.0,0.0,0.0,0.0,0.0,0.0,0.0,0.0,0.0,0.0,0.0,0.0,0.0,0.0,0.0,0.0,0.0,0.0,0.0,0.0,0.0,0.0
0.0,0.0,0.0,0.0,0.0,0.0,0.0,0.0,0.0,0.0,0.0,0.0,0.0,0.0,0.0,0.0,0.0,0.0,0.0,0.0,0.0,0.0,0.0,0.0,0.0,0.0,0.0,0.0,0.0,0.0,0.0,0.0,0.0,0.017358977357921888,0.03137851250051496,0.0,0.08857303615595807,0.15318942935183275,0.14130478310979683,0.17436282755485616,0.229600628637268,0.2600963299119687,0.34805980612494614,0.4438631571505593,0.46615545962253596,0.4595926051549154,0.40765883323168933,0.47745579601300403,0.5193038870472727,0.5153751730396783,0.44906743724260356,0.4264771136414286,0.5277416959203561,0.43398784491497966,0.49164413921322436,0.5122414331243977,0.551497084103301,0.35913234057206667,0.40209600540630086,0.37269105835611444,0.25718954218029844,0.18755730476993343,0.19529118625044956,0.1499234906745355,0.08483205059933137,0.0734056063925692,0.06550220688535607,0.036466143471484136,0.0,0.0,0.0,0.0,0.0,0.0,0.0,0.0,0.0,0.0,0.0,0.0,0.0,0.0,0.0,0.0,0.0,0.0,0.0,0.0,0.0,0.0,0.0,0.0,0.0,0.0,0.0,0.0
0.0,0.0,0.0,0.0,0.0,0.0,0.0,0.0,0.0,0.0,0.0,0.0,0.0,0.0,0.0,0.0,0.0,0.0,0.0,0.0,0.0,0.0,0.0,0.0,0.0,0.0,0.0,0.0,0.0,0.0,0.0,0.0,0.0,0.0,0.0,0.0,0.0,0.04624529203457941,0.082103722521971,0.10508748014963318,0.07776118031407774,0.10626172721450183,0.17012112424557618,0.23395750457303183,0.24207931881508515,0.21740073072162436,0.17254276626005985,0.1324037100270592,0.14104979194322614,0.22123019101860192,0.2669178987257526,0.2962520340890059,0.32364692519232063,0.3523761218422301,0.3153547644361755,0.3302097344466127,0.25947339698451344,0.26938152698037565,0.2749510574026972,0.26044809125800983,0.2319181937218813,0.2718929987215604,0.20965424117797055,0.19589511005721516,0.20080225233472096,0.12451364131232232,0.08035893114731524,0.07581111797315548,0.038752203934660834,0.0,0.005771692831037261,0.0,0.0,0.0,0.0,0.0,0.0,0.0,0.0,0.0,0.0,0.0,0.0,0.0,0.0,0.0,0.0,0.0,0.0,0.0,0.0,0.0,0.0,0.0,0.0,0.0
0.0,0.0,0.0,0.0,0.0,0.0,0.0,0.0,0.0,0.0,0.0,0.0,0.0,0.0,0.0,0.0,0.0,0.0,0.0,0.0,0.0,0.0,0.0,0.0,0.0,0.0,0.0,0.0,0.0,0.0,0.0,0.0,0.0,0.0,0.021491921144554782,0.03268975679248255,0.055044934963550105,0.0846307753185789,0.12499568079601273,0.1736153328935734,0.18483127406833025,0.2408972767541131,0.3087258828359161,0.3799597929735226,0.42638952618574094,0.4792904099885933,0.5584567414182197,0.5081873624954466,0.5883220577174293,0.48848963266710665,0.46808820231610393,0.5961170928629494,0.5308052173360174,0.444479304921032,0.42024545828184023,0.3497104943014102,0.4197472187008245,0.35529576011477604,0.34049284144170644,0.32321321920898544,0.28794874119415287,0.24804543210429394,0.1745332849317357,0.029413380312176454,0.002707709875104783,0.06249975551418334,0.0,0.0,0.0002497629738237306,0.0,0.0,0.0,0.0,0.0,0.0,0.0,0.0,0.0,0.0,0.0,0.0,0.0,0.0,0.0,0.0,0.0,0.0,0.0,0.0,0.0,0.0,0.0,0.0,0.0,0.0,0.0
0.0,0.0,0.0,0.0,0.0,0.0,0.0,0.0,0.0,0.0,0.0,0.0,0.0,0.0,0.0,0.0,0.0,0.0,0.0,0.0,0.0,0.0,0.0,0.0,0.0,0.0,0.0,0.0,0.0,0.0,0.0,0.0,0.0,0.0,0.0,0.0,0.008106503616589253,0.01327942491206957,0.014196316362974273,0.015231489737246508,0.006078809545866537,0.05407505678702146,0.05409571960741594,0.07688317066824872,0.04665875687545245,0.09692331096136836,0.07916704629637586,0.08532599035971256,0.09084297501891549,0.09796664027886727,0.10830639834326428,0.10345365445539846,0.12304384952447311,0.12881095679435206,0.1332711779624937,0.09309062287323544,0.0999150394628145,0.10905383712455423,0.07936165184252832,0.09411307561142468,0.11961150011791519,0.14463503530915084,0.16375732294971893,0.14506280051281814,0.09337118841520751,0.015100696842850675,0.0,0.004765929561207435,0.0,0.0,0.0,0.0,0.0,0.0,0.0,0.0,0.0,0.0,0.0,0.0,0.0,0.0,0.0,0.0,0.0,0.0,0.0,0.0,0.0,0.0,0.0,0.0,0.0,0.0,0.0,0.0
0.0,0.0,0.0,0.0,0.0,0.0,0.0,0.0,0.0,0.0,0.0,0.0,0.0,0.0,0.0,0.0,0.0,0.0,0.0,0.0,0.0,0.0,0.0,0.0,0.0,0.0,0.0,0.0,0.0,0.0,0.0,0.0,0.0,0.0,0.005346243477915808,0.0,0.046102775274821,0.08848830803277659,0.16623295468915897,0.1601119716603105,0.2517249462932581,0.309013819867515,0.33446892627130737,0.3177273136323533,0.3886539344780064,0.39409382871016985,0.4292203453017145,0.3498093279385619,0.4498103416377989,0.3793417090677003,0.3625705674590969,0.39759924202071395,0.4003250814752915,0.5018264586657029,0.48112104714312703,0.44276371913394624,0.3970335310711068,0.34073478566790294,0.37739242117830085,0.39080109957785053,0.32760879331859105,0.3173207805861964,0.24018752839695612,0.19950537307398078,0.14740655670545164,0.04528979861138298,0.0,0.05163233600029918,0.014548265262660488,0.0,0.0,0.0,0.0,0.0,0.0,0.0,0.0,0.0,0.0,0.0,0.0,0.0,0.0,0.0,0.0,0.0,0.0,0.0,0.0,0.0,0.0,0.0,0.0,0.0,0.0,0.0
0.0,0.0,0.0,0.0,0.0,0.0,0.0,0.0,0.0,0.0,0.0,0.0,0.0,0.0,0.0,0.0,0.0,0.0,0.0,0.0,0.0,0.0,0.0,0.0,0.0,0.0,0.0,0.0,0.0,0.0,0.0,0.0,0.0,0.0,0.007433356651464511,0.013901391894778188,0.013813468985894577,0.0010988032042769033,0.0037662753119088455,0.0018841777005364907,0.04428433758379683,0.03863014590791256,0.000251363394738989,0.029049787156204442,0.0630232915382192,0.05806473807473492,0.04909352657563527,0.050284430719172254,0.07558597459182267,0.06746487932846772,0.03616953420093916,0.06584228472724393,0.09442911356485535,0.13072686507693862,0.12459527223833564,0.10522554697068541,0.0852333168341914,0.0777125808087806,0.06453474750766461,0.07803467560766632,0.0782300525786108,0.15854988998102215,0.2113174864256472,0.22357324170793558,0.18315500652566793,0.13248542069237462,0.10682361897408028,0.07364762174050658,0.05643957350518699,0.031134664474102073,0.0,0.0,0.0,0.0,0.0,0.0,0.0,0.0,0.0,0.0,0.0,0.0,0.0,0.0,0.0,0.0,0.0,0.0,0.0,0.0,0.0,0.0,0.0,0.0,0.0,0.0
0.0,0.0,0.0,0.0,0.0,0.0,0.0,0.0,0.0,0.0,0.0,0.0,0.0,0.0,0.0,0.0,0.0,0.0,0.0,0.0,0.0,0.0,0.0,0.0,0.0,0.0,0.0,0.0,0.0,0.0,0.0,0.0,0.0,0.03615438996538504,0.07858266915709204,0.07970253400360672,0.0743744649580388,0.16214293460383417,0.2599317357101444,0.2786417399967874,0.40528254231687305,0.4547619431363328,0.44084087154384,0.406494282034499,0.5076492500991684,0.5245262303251278,0.46974925752618185,0.39848028254975404,0.5369988842430401,0.477053174571053,0.5172224959994418,0.5028847549358999,0.5243539564831133,0.4417400032498407,0.5112242690623859,0.45184689913472253,0.41289410971572976,0.3161205243318334,0.1757062819486729,0.19204101722243544,0.0906938163006181,0.023798133126500254,0.04531294254146767,0.04210566650365932,0.0,0.0,0.029963555721962756,0.017211415677641367,0.0,0.0,0.0,0.0,0.0,0.0,0.0,0.0,0.0,0.0,0.0,0.0,0.0,0.0,0.0,0.0,0.0,0.0,0.0,0.0,0.0,0.0,0.0,0.0,0.0,0.0,0.0,0.0
0.0,0.0,0.0,0.0,0.0,0.0,0.0,0.0,0.0,0.0,0.0,0.0,0.0,0.0,0.0,0.0,0.0,0.0,0.0,0.0,0.0,0.0,0.0,0.0,0.0,0.0,0.0,0.0,0.0,0.0,0.0,0.0,0.0,0.0,0.0,0.008458069313425734,0.0,0.005577569641856385,0.01648740007358436,0.028166384820118684,0.046951761623242036,0.05440319549996927,0.08411611675372234,0.08996170498039101,0.1041307212913912,0.11038946130880033,0.1273133671711253,0.0858679348015458,0.05088608382363412,0.040836258754580204,0.055701435460431374,0.07145142690219437,0.07235527169373783,0.06551644708960264,0.062279539418962866,0.06573327339359028,0.05412069740907166,0.052113036529952965,0.02761110638079225,0.033103830599739925,0.01750592159589757,0.032420330298842504,0.012492951482862818,0.02887471737281099,0.01808460124026811,0.017009288994944728,0.0,8.606389731744078e-05,0.0,0.0008340218660823835,0.0,0.0,0.0,0.0,0.0,0.0,0.0,0.0,0.0,0.0,0.0,0.0,0.0,0.0,0.0,0.0,0.0,0.0,0.0,0.0,0.0,0.0,0.0,0.0,0.0,0.0
0.0,0.0,0.0,0.0,0.0,0.0,0.0,0.0,0.0,0.0,0.0,0.0,0.0,0.0,0.0,0.0,0.0,0.0,0.0,0.0,0.0,0.0,0.0,0.0,0.0,0.0,0.0,0.0,0.0,0.0,0.0,0.0,0.0,0.02263962150854013,0.08026841183558667,0.13981330027284225,0.1567324297668247,0.22377043004378225,0.21955452745219012,0.21191465647541535,0.11442975389786741,0.097952357643096,0.053911260173896226,0.08725985589497108,0.027719223696223386,0.10017239586665899,0.06471812775086722,0.06545674559768962,0.06413969309841357,0.0511100266609025,0.060373008047833715,0.05081213371162832,0.06504962402735785,0.059675619446932344,0.09520108149591719,0.1142867739070107,0.06873156208961818,0.10442598853968484,0.11926993522370666,0.11526267105668543,0.16744429353569185,0.14509714304428667,0.16373243816088684,0.1528335406178845,0.14096973844632352,0.09221037422796316,0.08467886396781017,0.036804988809164565,0.0,0.0,0.0,0.0,0.0,0.0,0.0,0.0,0.0,0.0,0.0,0.0,0.0,0.0,0.0,0.0,0.0,0.0,0.0,0.0,0.0,0.0,0.0,0.0,0.0,0.0,0.0,0.0
0.0,0.0,0.0,0.0,0.0,0.0,0.0,0.0,0.0,0.0,0.0,0.0,0.0,0.0,0.0,0.0,0.0,0.0,0.0,0.0,0.0,0.0,0.0,0.0,0.0,0.0,0.0,0.0,0.0,0.0,0.0,0.0,0.017914385733183567,0.03521131135419613,0.06736539925246517,0.05609119664158716,0.12304762401267036,0.1708095699887672,0.1749500533083233,0.16362315859788004,0.15971362586660248,0.16890616043677215,0.20222519411588397,0.20731020844408946,0.19557161213869725,0.14362609051933778,0.11626208717676055,0.13872565082026,0.12451454843614995,0.11606336345950558,0.07292734420221952,0.10541247676254117,0.094993012912812,0.09464514195715724,0.10664372232668787,0.12223406710419293,0.10664817694707333,0.13562361159144817,0.12349926957135515,0.09553029007807756,0.08791058463162305,0.03241690192900929,0.059744195702827824,0.0732572951922632,0.06972471866603844,0.05815568381038853,0.034349630115369824,0.0123098576070261,0.013858688824712348,0.0,0.0,0.0,0.0,0.0,0.0,0.0,0.0,0.0,0.0,0.0,0.0,0.0,0.0,0.0,0.0,0.0,0.0,0.0,0.0,0.0,0.0,0.0,0.0,0.0,0.0,0.0
0.0,0.0,0.0,0.0,0.0,0.0,0.0,0.0,0.0,0.0,0.0,0.0,0.0,0.0,0.0,0.0,0.0,0.0,0.0,0.0,0.0,0.0,0.0,0.0,0.0,0.0,0.0,0.0,0.0,0.0,0.0,0.0,0.0,0.05371076521088886,0.0,0.053991303140587296,0.16668957211062646,0.2592598092693634,0.34572759013333676,0.3723678722156031,0.47212297711984885,0.39371823606637324,0.49462050793232565,0.45432248027281547,0.6274089748160142,0.6519693409946502,0.6409792508274055,0.6764602536571231,0.7081298749130223,0.7063620084130541,0.7183392071290454,0.7189960722902665,0.7085969457875521,0.6660534213195842,0.6043525772685882,0.6022622869152122,0.5846563530154744,0.6031307539036972,0.5399227141390729,0.5322375763237184,0.4255737009774709,0.4029528843146344,0.3938572371380428,0.3062181438778609,0.25958239603836725,0.18668370778795573,0.05479302255530849,0.04963224617482394,0.05358865734537854,0.03454439580594866,0.0,0.0,0.0,0.0,0.0,0.0,0.0,0.0,0.0,0.0,0.0,0.0,0.0,0.0,0.0,0.0,0.0,0.0,0.0,0.0,0.0,0.0,0.0,0.0,0.0,0.0
0.0,0.0,0.0,0.0,0.0,0.0,0.0,0.0,0.0,0.0,0.0,0.0,0.0,0.0,0.0,0.0,0.0,0.0,0.0,0.0,0.0,0.0,0.0,0.0,0.0,0.0,0.0,0.0,0.0,0.0,0.0,0.0,0.0,0.004856079157085337,0.00100077466496247,0.026492699130343078,0.04605115161583355,0.1327701832449066,0.11190176183266928,0.1904910304615539,0.3007600516645698,0.3059713137498549,0.28469339340585714,0.2369581499327218,0.33926874545935826,0.4303616621572914,0.4525544787776731,0.48387138623714865,0.4727567371000245,0.48869726278471715,0.5996916257402526,0.5070140240867932,0.5240096800017665,0.5430024244045686,0.5168018632316005,0.4053683018306127,0.21734283082556172,0.14777543354592196,0.10481134190773764,0.08004954682539164,0.056694990768905974,0.025657499579978954,0.0,0.0007242524016967608,0.0,0.0036441354269492188,0.0,0.016377591343918876,0.0006224114279714879,0.0,0.00657857649588273,0.0004852695598112043,0.0,0.0,0.0,0.0,0.0,0.0,0.0,0.0,0.0,0.0,0.0,0.0,0.0,0.0,0.0,0.0,0.0,0.0,0.0,0.0,0.0,0.0,0.0,0.0
0.0,0.0,0.0,0.0,0.0,0.0,0.0,0.0,0.0,0.0,0.0,0.0,0.0,0.0,0.0,0.0,0.0,0.0,0.0,0.0,0.0,0.0,0.0,0.0,0.0,0.0,0.0,0.0,0.0,0.0,0.0,0.0,0.0,0.0,0.0355695954750607,0.03453675341807095,0.07238472688641716,0.12371693163946729,0.09782966596820988,0.10259165740312355,0.09870623141741888,0.17723618200867092,0.19816786009336487,0.14190364039804776,0.2013436421840853,0.24087296901060062,0.2492062974868018,0.20344605027292922,0.2591826206908624,0.2788402709420608,0.2651011327625762,0.283885136819699,0.27500968277649135,0.2785425598324519,0.3542088672747654,0.4545628484926464,0.4384150448667814,0.5257759340154755,0.4047463575609459,0.40362993122708946,0.36362582441834157,0.3723184226750417,0.38500759578239885,0.3151078855559129,0.3160409122614011,0.23351012119998638,0.07734873840266361,0.06560446080299641,0.07018189669621681,0.004006356794525365,0.025427935004831707,0.0,0.0,0.0,0.0,0.0,0.0,0.0,0.0,0.0,0.0,0.0,0.0,0.0,0.0,0.0,0.0,0.0,0.0,0.0,0.0,0.0,0.0,0.0,0.0,0.0
0.0,0.0,0.0,0.0,0.0,0.0,0.0,0.0,0.0,0.0,0.0,0.0,0.0,0.0,0.0,0.0,0.0,0.0,0.0,0.0,0.0,0.0,0.0,0.0,0.0,0.0,0.0,0.0,0.0,0.0,0.0,0.0,0.0,0.02105614346097548,0.0,0.07999652352039155,0.004103158775722537,0.20296520336366486,0.17264168297049776,0.22136283148208963,0.303536063665739,0.298831712243303,0.3413880350006774,0.36136635437516956,0.3482147015571779,0.3842618329057429,0.463932549470097,0.5068133281395095,0.5233278685250232,0.38998490452581314,0.5450753508843751,0.6085674884145664,0.5401197929982191,0.596342352295202,0.5366205144290064,0.6007326414603692,0.599238233422126,0.5825770411281957,0.6070602795085311,0.5653954656668899,0.587224105759318,0.5225797756648639,0.4122363236657846,0.3873051134933808,0.36075418655884384,0.2822595633467266,0.1808043435836364,0.10357517707872037,0.05511714566004554,0.0,0.0,0.0,0.004522693527759995,0.0,0.0,0.0,0.0,0.0,0.0,0.0,0.0,0.0,0.0,0.0,0.0,0.0,0.0,0.0,0.0,0.0,0.0,0.0,0.0,0.0,0.0,0.0
0.0,0.0,0.0,0.0,0.0,0.0,0.0,0.0,0.0,0.0,0.0,0.0,0.0,0.0,0.0,0.0,0.0,0.0,0.0,0.0,0.0,0.0,0.0,0.0,0.0,0.0,0.0,0.0,0.0,0.0,0.0,0.0,0.04006120618942771,0.027614198010740304,0.06126953839712895,0.13111548135884166,0.2898875463764688,0.2636195332294482,0.41820591393972106,0.3861327804269085,0.5380079622552063,0.5892465946113188,0.6299735630680906,0.6877611576051011,0.6610251156872924,0.702424134229428,0.7577531986081326,0.6668281082987729,0.8007157131961485,0.7793519534742257,0.7375399555188105,0.8099617002837716,0.7789965545089944,0.7378171576934572,0.7451423574996161,0.7775132568712819,0.7325263594738955,0.6864544956276524,0.42549892170484616,0.5357028102564046,0.5478189187185435,0.4156709984740445,0.40604787699865635,0.4306872468967008,0.25901475945694735,0.2694901727153124,0.17838165163749387,0.17724120866306273,0.007025609478637007,0.0,0.016695315833365396,0.0,0.0,0.0,0.0,0.0,0.0,0.0,0.0,0.0,0.0,0.0,0.0,0.0,0.0,0.0,0.0,0.0,0.0,0.0,0.0,0.0,0.0,0.0,0.0,0.0
0.0,0.0,0.0,0.0,0.0,0.0,0.0,0.0,0.0,0.0,0.0,0.0,0.0,0.0,0.0,0.0,0.0,0.0,0.0,0.0,0.0,0.0,0.0,0.0,0.0,0.0,0.0,0.0,0.0,0.0,0.0,0.0,0.025931064075399364,0.014226974903909131,0.1521057794478112,0.17429371114097864,0.22014948740715798,0.3313051363390369,0.3391704984527735,0.46291952083638904,0.43009765564941477,0.472739914359569,0.6415250955147732,0.6665146511190286,0.6838461239841883,0.7219389178785323,0.7114930077296217,0.7361956202980324,0.7112693509152592,0.7933296162149557,0.6536880940399451,0.7648925684305867,0.7974321513677424,0.768926709938253,0.7350214394354807,0.7057695881022077,0.6552656886158275,0.7235897200628667,0.6589868662398323,0.4608203208758487,0.4485698292114553,0.43225621727225444,0.4426582950477939,0.38378019108282163,0.3535995804037609,0.29408240780805706,0.25242036962580927,0.10933996161004898,0.11394671012393207,0.06169623738990676,0.020863744327713114,0.0,0.0,0.0,0.0,0.0,0.0,0.0,0.0,0.0,0.0,0.0,0.0,0.0,0.0,0.0,0.0,0.0,0.0,0.0,0.0,0.0,0.0,0.0,0.0,0.0
0.0,0.0,0.0,0.0,0.0,0.0,0.0,0.0,0.0,0.0,0.0,0.0,0.0,0.0,0.0,0.0,0.0,0.0,0.0,0.0,0.0,0.0,0.0,0.0,0.0,0.0,0.0,0.0,0.0,0.0,0.0022960321754840456,0.0,0.039058611972107735,0.08308795817364927,0.06665805542412603,0.09460531295613414,0.041017082232983074,0.09190383286805279,0.13481984502244013,0.11385933675810725,0.12623900889259587,0.2237640643840041,0.21401393208147063,0.18868245496647745,0.28994052262906594,0.3556470985797186,0.3922596922482352,0.4151444522749866,0.46599461160419325,0.43079615534399235,0.4065331734460396,0.3699659482611021,0.34043253693817693,0.3310539100722027,0.21552409024495844,0.27575202106873037,0.2524651357745764,0.2462814197778131,0.19319970659829722,0.1649527269312204,0.051683968847021575,0.11977086606624027,0.11302787795202902,0.09521636020549265,0.10208856017158847,0.07841049199287262,0.08827750918828696,0.03218017892484761,0.0,0.057580463013766174,0.04018344193050445,0.0,0.0,0.0,0.0,0.0,0.0,0.0,0.0,0.0,0.0,0.0,0.0,0.0,0.0,0.0,0.0,0.0,0.0,0.0,0.0,0.0,0.0,0.0,0.0,0.0
0.0,0.0,0.0,0.0,0.0,0.0,0.0,0.0,0.0,0.0,0.0,0.0,0.0,0.0,0.0,0.0,0.0,0.0,0.0,0.0,0.0,0.0,0.0,0.0,0.0,0.0,0.0,0.0,0.0,0.0,0.0,0.020422464049023956,0.037093504874541466,0.05916225949252102,0.1161068103239118,0.05577642135951347,0.20836576928955325,0.22997111644800106,0.3187431017039581,0.34312414691903503,0.3739938318340347,0.4486796305515751,0.5597591217586921,0.5402762944013336,0.6167356759176552,0.6149856565239613,0.6016509199267739,0.6216600306546901,0.6419019838677278,0.6911399489544668,0.7206013127758453,0.7320132403708426,0.6839810650736683,0.657414272872394,0.49721748957163936,0.5479918319547329,0.5027271154578525,0.5319604414405315,0.5655440654698485,0.44429616948015455,0.4380174152813752,0.448283897470716,0.36665606863050804,0.22870446669644356,0.2671890424201998,0.21035508828287847,0.1480556174867765,0.11711362418407496,0.05046087849519895,0.0,0.0,0.0,0.0,0.0,0.0,0.0,0.0,0.0,0.0,0.0,0.0,0.0,0.0,0.0,0.0,0.0,0.0,0.0,0.0,0.0,0.0,0.0,0.0,0.0,0.0,0.0
0.0,0.0,0.0,0.0,0.0,0.0,0.0,0.0,0.0,0.0,0.0,0.0,0.0,0.0,0.0,0.0,0.0,0.0,0.0,0.0,0.0,0.0,0.0,0.0,0.0,0.0,0.0,0.0,0.0,0.0,0.0,0.0,0.04939983527419665,0.04366638408769022,0.1861700773796891,0.19943044241959684,0.2533702037993818,0.32460618162671573,0.33568501160865344,0.446948028964449,0.43081871496835394,0.5699509404306329,0.5576787818785821,0.6354858538343789,0.60565129017504,0.7237800949214219,0.748848148117429,0.7309337062142617,0.7823394346129474,0.7772872353781388,0.7625229744554095,0.7710158882935935,0.7673746144837988,0.7799907456745462,0.7095637359396564,0.6825758030344633,0.7099396132536369,0.6876327223511026,0.644364362869165,0.632905907247151,0.5325415809814262,0.5313382172340813,0.45670792617551753,0.3838297587923541,0.30947760663130486,0.1881880269654885,0.26356979267139213,0.15158411614812095,0.09089286730151472,0.07238955022930554,0.0,0.009962653228020053,0.0,0.0,0.0,0.0,0.0,0.0,0.0,0.0,0.0,0.0,0.0,0.0,0.0,0.0,0.0,0.0,0.0,0.0,0.0,0.0,0.0,0.0,0.0,0.0
0.0,0.0,0.0,0.0,0.0,0.0,0.0,0.0,0.0,0.0,0.0,0.0,0.0,0.0,0.0,0.0,0.0,0.0,0.0,0.0,0.0,0.0,0.0,0.0,0.0,0.0,0.0,0.0,0.0,0.0,0.0,0.021696540423993046,0.017541626048178285,0.12262893625876554,0.14196792761554927,0.11682795196443443,0.21052777198401745,0.33111222609851076,0.2652380778109722,0.4477471499848235,0.47810001744180736,0.545796969840817,0.6328175122106295,0.5319959009388393,0.7099562756352931,0.6176754844796088,0.7286617365564615,0.5944778244657563,0.7597878501004828,0.7569338585989009,0.7515915410018116,0.7705992168174244,0.723636158385873,0.6507873456900048,0.7788371666900188,0.6290342112565133,0.737335400408081,0.7062560114351868,0.601682423629374,0.5919660113239584,0.542823387121232,0.5077432835827961,0.4347940589699496,0.3931440361328975,0.31913434125691265,0.3350192773592476,0.20956510703735834,0.11437115798950384,0.1504362893290747,0.060644966433850415,0.061331982604313606,0.0,0.008237073544263153,0.0,0.0,0.0,0.0,0.0,0.0,0.0,0.0,0.0,0.0,0.0,0.0,0.0,0.0,0.0,0.0,0.0,0.0,0.0,0.0,0.0,0.0,0.0
0.0,0.0,0.0,0.0,0.0,0.0,0.0,0.0,0.0,0.0,0.0,0.0,0.0,0.0,0.0,0.0,0.0,0.0,0.0,0.0,0.0,0.0,0.0,0.0,0.0,0.0,0.0,0.0,0.0,0.0,0.014322093905502244,0.019508428497227465,0.0002923089044189614,0.11844898561925896,0.014023764729269084,0.11363319554926277,0.2475157744975635,0.36883332750412773,0.3708825788918063,0.3915551574040541,0.4954031112754811,0.4073494483971456,0.5828927235249073,0.5594897730769807,0.6902474591211281,0.5994471541050309,0.6768788583336577,0.6792052071804497,0.6661236922563881,0.7284279842581818,0.7648826847839834,0.7359202007840979,0.7457225508652253,0.7732332519727229,0.7611020403937782,0.6459281306864632,0.6848813633287705,0.4903420286714501,0.5584131455377522,0.6156784691263931,0.4814636082722636,0.5097110738016385,0.44303502166937636,0.44807611632021566,0.35006898277615306,0.32147631326647363,0.1566438118506866,0.15278696313068946,0.1317522478253408,0.03596152048695124,0.039625710496895866,0.0,0.0,0.0,0.0,0.0,0.0,0.0,0.0,0.0,0.0,0.0,0.0,0.0,0.0,0.0,0.0,0.0,0.0,0.0,0.0,0.0,0.0,0.0,0.0,0.0
0.0,0.0,0.0,0.0,0.0,0.0,0.0,0.0,0.0,0.0,0.0,0.0,0.0,0.0,0.0,0.0,0.0,0.0,0.0,0.0,0.0,0.0,0.0,0.0,0.0,0.0,0.0,0.0,0.0,0.004747765574197021,0.0,0.060298443785995234,0.077298511505975,0.0,0.029222189731190257,0.21871984546370601,0.23636156298044292,0.34492687802835104,0.3706427320335006,0.31857166080315946,0.4704220975609028,0.48654454244984935,0.5673667847940642,0.629306236905929,0.6549634960608157,0.71546556069692,0.7041614933655694,0.6573005592600889,0.6351270318638202,0.7475360050555268,0.6106224092174095,0.7880839127460972,0.7033811577961131,0.7661515302148542,0.7489460443824083,0.6841696297621658,0.6049233844885886,0.5360648317266249,0.33556405577441445,0.36402639955887717,0.3303413027683485,0.29642708443428767,0.16539672787260948,0.25714897763980826,0.23726406516395185,0.21467319492294662,0.21613546052286062,0.1518305871027387,0.12426888462091892,0.04412586319858648,0.0,0.0,0.0,0.0,0.0,0.0,0.0,0.0,0.0,0.0,0.0,0.0,0.0,0.0,0.0,0.0,0.0,0.0,0.0,0.0,0.0,0.0,0.0,0.0,0.0,0.0
0.0,0.0,0.0,0.0,0.0,0.0,0.0,0.0,0.0,0.0,0.0,0.0,0.0,0.0,0.0,0.0,0.0,0.0,0.0,0.0,0.0,0.0,0.0,0.0,0.0,0.0,0.0,0.0,0.0,0.0,0.011254888867676907,0.01855216699021473,0.06799208126632916,0.0,0.06980561463189991,0.23439282248316728,0.17623290063524824,0.357398615659225,0.24265445235820807,0.4408055416590204,0.5657233746253314,0.6322556234545915,0.6509795661906743,0.7244882615799653,0.6140285146605029,0.726058015936236,0.6738172540648083,0.709770647926391,0.7514571204683093,0.7048365644988429,0.8187130492692911,0.8339119226050942,0.8143211392174141,0.7413427381909709,0.716420942578608,0.8049132543391238,0.701176105734729,0.7116081782647212,0.7291073190172627,0.6274194979877701,0.5916788080125702,0.5870061566198775,0.5396403912647385,0.44920106413396527,0.4321792057194137,0.38000723391217867,0.18487607361522362,0.06999190900705166,0.06548163107847696,0.11333954140871882,0.0,0.0029864605945578784,0.0,0.0,0.0,0.0,0.0,0.0,0.0,0.0,0.0,0.0,0.0,0.0,0.0,0.0,0.0,0.0,0.0,0.0,0.0,0.0,0.0,0.0,0.0,0.0
0.0,0.0,0.0,0.0,0.0,0.0,0.0,0.0,0.0,0.0,0.0,0.0,0.0,0.0,0.0,0.0,0.0,0.0,0.0,0.0,0.0,0.0,0.0,0.0,0.0,0.0,0.0,0.0,0.0,0.0,0.0,0.023199858500568667,0.05760965544068447,0.1529095195801003,0.16798649422810216,0.2359126886222262,0.2948524538685593,0.26348026003674674,0.45958732528115265,0.40828160448416095,0.587965800216199,0.6322194052661174,0.639151836696311,0.6789678727985864,0.6281258471313641,0.7378554824443403,0.7755928401088836,0.8064290612231613,0.7921182017919892,0.650055300136302,0.7714071745864429,0.7378035189943349,0.749379463053956,0.8323901643076344,0.6970500268158519,0.7327083754197729,0.5606879862025922,0.7157202648855683,0.6817020956077191,0.6585251809368959,0.5714886294522065,0.5927097059161764,0.5298780011476559,0.45278248486954903,0.388360480678752,0.32569408620440443,0.15159686480073933,0.22617134561556745,0.11277584136604737,0.06257747455729828,0.058301773217524736,0.0,0.0,0.0,0.0,0.0,0.0,0.0,0.0,0.0,0.0,0.0,0.0,0.0,0.0,0.0,0.0,0.0,0.0,0.0,0.0,0.0,0.0,0.0,0.0,0.0
0.0,0.0,0.0,0.0,0.0,0.0,0.0,0.0,0.0,0.0,0.0,0.0,0.0,0.0,0.0,0.0,0.0,0.0,0.0,0.0,0.0,0.0,0.0,0.0,0.0,0.0,0.0,0.0,0.0,0.0,0.013126764230363703,0.0,0.03218112769492977,0.16657712578213166,0.2181763338028542,0.2846939746054956,0.2413155845504349,0.30557291413500337,0.3401996821273223,0.36232675350831306,0.44064303547686423,0.5053846312145285,0.5503482972302607,0.49159192398929996,0.7299978985077759,0.7400300715528227,0.7662915365642088,0.7525002853073041,0.7772638819112885,0.7710857301274382,0.814984763238276,0.7797247970091602,0.6813373414947801,0.8115580616125804,0.8035630422912794,0.7835506813493648,0.7502616794156239,0.5778240096375454,0.6992785832393364,0.5123040482028781,0.6316671191652075,0.3336838005839436,0.2586714024401713,0.2931934364399925,0.26503442680188044,0.23614664286755516,0.17057273611253637,0.12724693518199767,0.029435115699018674,0.0,0.0,0.013254521044849758,0.0,0.0,0.0,0.0,0.0,0.0,0.0,0.0,0.0,0.0,0.0,0.0,0.0,0.0,0.0,0.0,0.0,0.0,0.0,0.0,0.0,0.0,0.0,0.0
0.0,0.0,0.0,0.0,0.0,0.0,0.0,0.0,0.0,0.0,0.0,0.0,0.0,0.0,0.0,0.0,0.0,0.0,0.0,0.0,0.0,0.0,0.0,0.0,0.0,0.0,0.0,0.0,0.0,0.0,0.03479590332756349,0.0,0.05629651097730955,0.03562593457786234,0.15910628113907696,0.23942626037119913,0.17448014831995995,0.25119732468204015,0.36023050874394946,0.4398878395910386,0.4740199627514073,0.48818976041938,0.5367399142397924,0.5384229653843472,0.7118489180488672,0.7384513276652158,0.7533267683063595,0.7214736043052683,0.7200675342439733,0.6488255396182572,0.7034863944519043,0.7867328121489874,0.7643847498692209,0.650985355246521,0.7266147419495715,0.7607262688726228,0.7251423710819297,0.6135507397721169,0.588226655379534,0.5858871932389418,0.5330361569982908,0.4913214424613932,0.5149671060632918,0.4144122527683146,0.41417635338380054,0.2883735100685376,0.15440157597841397,0.23897491023181056,0.07092552759159165,0.0,0.0006507311484789113,0.009235920658665922,0.0035454192588300244,0.0,0.0,0.0,0.0,0.0,0.0,0.0,0.0,0.0,0.0,0.0,0.0,0.0,0.0,0.0,0.0,0.0,0.0,0.0,0.0,0.0,0.0,0.0
0.0,0.0,0.0,0.0,0.0,0.0,0.0,0.0,0.0,0.0,0.0,0.0,0.0,0.0,0.0,0.0,0.0,0.0,0.0,0.0,0.0,0.0,0.0,0.0,0.0,0.0,0.0,0.0,0.0,0.0,0.0,0.0,0.09109091297877082,0.0881246415373985,0.11975115317739204,0.2659827432465778,0.35707965981283085,0.3619325150805862,0.33002477045844913,0.5062096312491287,0.43892895405251026,0.582825258095917,0.5671125851853148,0.6275262603819838,0.701537363180501,0.6085076616375935,0.6513237557174424,0.738004813298802,0.750430363517087,0.7009743268634564,0.7435435712790701,0.7282581416233261,0.7820442929371776,0.6603198157091785,0.7502738816952232,0.685517914254662,0.595503128241961,0.7093076274324192,0.6565803244781546,0.5912333457210153,0.5548107349675894,0.4162988777921395,0.33434540003418084,0.31321335380791854,0.07927136145480673,0.2683592471280189,0.1946693111399009,0.10100609871470942,0.07476386375985533,0.051193674158787145,0.03665877420822519,0.01380644333462493,0.025997458204153452,0.0,0.0,0.0,0.0,0.0,0.0,0.0,0.0,0.0,0.0,0.0,0.0,0.0,0.0,0.0,0.0,0.0,0.0,0.0,0.0,0.0,0.0,0.0
0.0,0.0,0.0,0.0,0.0,0.0,0.0,0.0,0.0,0.0,0.0,0.0,0.0,0.0,0.0,0.0,0.0,0.0,0.0,0.0,0.0,0.0,0.0,0.0,0.0,0.0,0.0,0.0,0.0,0.0,0.02066197091943551,0.05874551934263278,0.09008826168020237,0.07353972579253024,0.1506835405504579,0.16914698485949048,0.1808107257708899,0.24182525691598217,0.307520415626409,0.31800556536393937,0.29362897430070645,0.28455496538655584,0.41295684166493185,0.4594229155879968,0.49446511627844625,0.472761309615453,0.6707373723060107,0.6286707668308695,0.653219432221124,0.4453648394744678,0.5553812522659112,0.5950632129334124,0.6196253264950609,0.63562690214696,0.5392531695547802,0.5747773811699437,0.447323138662562,0.17469698794836216,0.3495366555043817,0.279695748584772,0.3594456725341087,0.37851306750809377,0.23146879082818364,0.19530144988284082,0.09633392004490499,0.09412915110387188,0.0,0.02353844239414507,0.03312532891001303,0.0,0.008480565674873007,0.0,0.0,0.0,0.0,0.0,0.0,0.0,0.0,0.0,0.0,0.0,0.0,0.0,0.0,0.0,0.0,0.0,0.0,0.0,0.0,0.0,0.0,0.0,0.0,0.0
0.0,0.0,0.0,0.0,0.0,0.0,0.0,0.0,0.0,0.0,0.0,0.0,0.0,0.0,0.0,0.0,0.0,0.0,0.0,0.0,0.0,0.0,0.0,0.0,0.0,0.0,0.0,0.0,0.0,0.0,0.0,0.0,0.0010394368327123482,0.058825750615728575,0.1408392151290277,0.22393262896521632,0.2642091921109922,0.32411936229727,0.4498495478041138,0.47093340498032815,0.524372572070382,0.6127190104727891,0.5978408901752906,0.6092013369696782,0.599038501357883,0.7083939253547588,0.7066242523367334,0.707115816131688,0.6764051372284805,0.6947722182907081,0.6869826308798685,0.5666550330648159,0.5322733314805048,0.4877597658403346,0.5244863301058088,0.5477143355541317,0.500106716124922,0.47320956887735904,0.5096767012253458,0.4227441610937799,0.44424870935149696,0.2584124625494115,0.32280007210180806,0.21568647408357622,0.19017609587227394,0.12984974406186955,0.0,0.09547518576380452,0.02905775661120024,0.0,0.0,0.0035709344674061637,0.0,0.0,0.0,0.0,0.0,0.0,0.0,0.0,0.0,0.0,0.0,0.0,0.0,0.0,0.0,0.0,0.0,0.0,0.0,0.0,0.0,0.0,0.0,0.0
0.0,0.0,0.0,0.0,0.0,0.0,0.0,0.0,0.0,0.0,0.0,0.0,0.0,0.0,0.0,0.0,0.0,0.0,0.0,0.0,0.0,0.0,0.0,0.0,0.0,0.0,0.0,0.0,0.0,0.0,0.009038137678529606,0.025608945876930564,0.005368604980484561,0.014165570014306746,0.09625750316475697,0.04594991704451351,0.18299022021534952,0.18070983958611558,0.23316018739163274,0.271770290081793,0.21823511363823012,0.24969872105520113,0.27125709169768003,0.2632009027891847,0.2710735684231308,0.2726901905612564,0.2522357720128048,0.3169908247775728,0.32539877631598313,0.2533678473373003,0.2634318335798324,0.32613052106113727,0.22852972526596166,0.3262046552573362,0.3143455581010563,0.31040031370581045,0.381482038834038,0.3673796497865832,0.40965903771843826,0.4599245636560549,0.4532704263132277,0.3829735154597641,0.3796421099825657,0.35905787572700293,0.3176544030376328,0.2206522487839066,0.2269212012442103,0.1815248682855036,0.12187212743188983,0.0015546425161876015,0.06969225718660649,0.006232057407759679,0.0,0.0,0.0,0.0,0.0,0.0,0.0,0.0,0.0,0.0,0.0,0.0,0.0,0.0,0.0,0.0,0.0,0.0,0.0,0.0,0.0,0.0,0.0,0.0
0.0,0.0,0.0,0.0,0.0,0.0,0.0,0.0,0.0,0.0,0.0,0.0,0.0,0.0,0.0,0.0,0.0,0.0,0.0,0.0,0.0,0.0,0.0,0.0,0.0,0.0,0.0,0.0,0.0,0.0,0.010172436498182206,0.0,0.0,0.019546995936929334,0.0,0.059424810008622715,0.0,0.056086019772184185,0.018972285799828188,0.03406833720115931,0.07635543162821534,0.05834234458286671,0.037292087813427466,0.1024784867219575,0.10985292410187703,0.13226850038912252,0.11386730953680084,0.15444011448057707,0.12737107070162282,0.208894192222266,0.24709381236739977,0.26210363446351514,0.30134754130008495,0.3109914355010377,0.334780219492243,0.35426746267062975,0.35776919904037285,0.3652605814872701,0.33885855690552685,0.20531958403159264,0.19340315387591794,0.12114378305759876,0.10523765009983446,0.0917693995102459,0.12164306677266566,0.11565227791315359,0.10706717039730158,0.08485292484663748,0.06341911503451438,0.0,0.0011212000175229789,0.0,0.018270229555720593,0.0,0.0,0.0,0.0,0.0,0.0,0.0,0.0,0.0,0.0,0.0,0.0,0.0,0.0,0.0,0.0,0.0,0.0,0.0,0.0,0.0,0.0,0.0
0.0,0.0,0.0,0.0,0.0,0.0,0.0,0.0,0.0,0.0,0.0,0.0,0.0,0.0,0.0,0.0,0.0,0.0,0.0,0.0,0.0,0.0,0.0,0.0,0.0,0.0,0.0,0.0,0.0,0.0,0.007584876246056561,0.04222590560583704,0.04830764396267785,0.10814398303165516,0.18395302664642763,0.1859010948653862,0.2300230011542589,0.3239523214784893,0.3990262385252264,0.3938201768280436,0.45074454751228665,0.49859887070419245,0.4763589482374523,0.4838717465551672,0.5218984256262696,0.462855916044392,0.42754247264286116,0.4528321242313839,0.46048178447773547,0.42078163198260116,0.31802579119947594,0.2442492260894196,0.28798713562360195,0.22570033061730413,0.24380896350929002,0.23721166185518566,0.1858958916132494,0.20090081993821424,0.23158044435355393,0.14128656572987175,0.17485023312328862,0.12817445551838708,0.15024698938340758,0.13750388174687544,0.03887798866998929,0.0194593966532437,0.05902451551933441,0.0,0.018858294683962572,0.0,0.0,0.0,0.0,0.0,0.0,0.0,0.0,0.0,0.0,0.0,0.0,0.0,0.0,0.0,0.0,0.0,0.0,0.0,0.0,0.0,0.0,0.0,0.0,0.0,0.0,0.0
0.0,0.0,0.0,0.0,0.0,0.0,0.0,0.0,0.0,0.0,0.0,0.0,0.0,0.0,0.0,0.0,0.0,0.0,0.0,0.0,0.0,0.0,0.0,0.0,0.0,0.0,0.0,0.0,0.0,0.0,0.0,0.008318988171216223,0.0,0.007002375157158326,0.041012463253967395,0.03683316160260293,0.039811754070088676,0.0080669557673963,0.015202930323770042,0.0377495690551307,0.0744415984893311,0.0867319007870886,0.13222179308281398,0.14940787751492368,0.13780254690712035,0.11745713364528124,0.2071410402730785,0.23578076105259754,0.26185881162409796,0.2506724911991358,0.3022214939837882,0.2451832452810919,0.2844539393489958,0.3092660177666495,0.304088087357028,0.30939894668910495,0.3129897030882392,0.2826131396959015,0.21206105149525056,0.24259618437452213,0.2514770969031722,0.24769063478717104,0.21832490246607117,0.19066466078204186,0.17943038329292443,0.17030155384221915,0.15159179663517947,0.056307346288510876,0.03016450119835365,0.08347922666956092,0.06657353037941885,0.04217200488766854,0.0,0.006278943164873903,0.0,0.0,0.0,0.0,0.0,0.0,0.0,0.0,0.0,0.0,0.0,0.0,0.0,0.0,0.0,0.0,0.0,0.0,0.0,0.0,0.0,0.0
0.0,0.0,0.0,0.0,0.0,0.0,0.0,0.0,0.0,0.0,0.0,0.0,0.0,0.0,0.0,0.0,0.0,0.0,0.0,0.0,0.0,0.0,0.0,0.0,0.0,0.0,0.0,0.0,0.0,0.0,0.01057118576673105,0.10899843471761618,0.17849210027893495,0.24539852212639265,0.2587004944431271,0.37076657917631506,0.43118826095065804,0.46187366061133117,0.4607671525859285,0.49849644987547387,0.5133517873887534,0.5557848769489835,0.709425295288398,0.6466278183111024,0.7523353208813205,0.824003922054439,0.8090650572441587,0.8169593120372102,0.8708783280455777,0.8616993066226213,0.8691433829020005,0.792753427750755,0.8144478856270856,0.8427570706052783,0.8240730743852924,0.784495252362443,0.7552810670125587,0.7821612687031891,0.7540300779666749,0.6963462273421706,0.6633215200304746,0.6200074753918579,0.6001194367728984,0.5071794593713641,0.419279737945745,0.26607532752024043,0.37418684883792164,0.18819983643581614,0.20420283171913448,0.040106162339920925,0.11171540743251585,0.021668411334813176,0.0,0.0,0.0,0.0,0.0,0.0,0.0,0.0,0.0,0.0,0.0,0.0,0.0,0.0,0.0,0.0,0.0,0.0,0.0,0.0,0.0,0.0,0.0,0.0
0.0,0.0,0.0,0.0,0.0,0.0,0.0,0.0,0.0,0.0,0.0,0.0,0.0,0.0,0.0,0.0,0.0,0.0,0.0,0.0,0.0,0.0,0.0,0.0,0.0,0.0,0.0,0.0,0.0,0.021177017544936966,0.0,0.08265166122402,0.1884119403998371,0.21177076245977489,0.2746688691139398,0.10741287722704168,0.35567660728903555,0.440796150348281,0.4703367453118255,0.586840341638516,0.5818985197345713,0.5570828972699141,0.7032919805524528,0.7521331101096789,0.7333812431250878,0.7674404770794468,0.8379994034525742,0.8263411878407079,0.8677062311574364,0.852934526575534,0.8735622885264696,0.8249023349034791,0.8135247566440149,0.8641269207174426,0.8563019171984817,0.739590280044269,0.6976155137621625,0.7753172274512332,0.625273884801866,0.681081042432581,0.6182549966287303,0.6505500828364013,0.6120781319808957,0.5402540978312269,0.48075286843970483,0.3678833817514513,0.35412663709598313,0.2408915682297353,0.2111329454646216,0.1293349678384487,0.13575611068785193,0.034205694548859356,0.011222330117216586,0.0,0.007626586791854815,0.0,0.0,0.0,0.0,0.0,0.0,0.0,0.0,0.0,0.0,0.0,0.0,0.0,0.0,0.0,0.0,0.0,0.0,0.0,0.0,0.0
0.0,0.0,0.0,0.0,0.0,0.0,0.0,0.0,0.0,0.0,0.0,0.0,0.0,0.0,0.0,0.0,0.0,0.0,0.0,0.0,0.0,0.0,0.0,0.0,0.0,0.0,0.0,0.0,0.0,0.0,0.012656364400949114,0.02921793946855002,0.011289066213715844,0.04464569371981891,0.029955587818106713,0.025262693766225724,0.029979073688819843,0.03814079821737287,0.16218415513894985,0.19661958174078906,0.2207655480639514,0.25293618006165947,0.2367928565194688,0.318231243034889,0.3343681010124105,0.3630180972944919,0.3583750500548236,0.408126648184085,0.4595114410332347,0.4633332083021078,0.4287826624452972,0.517140072647916,0.4788486204847016,0.5057109937625741,0.5082286970949553,0.5082069892343353,0.42400674875829314,0.5312961594798936,0.4289095953323797,0.5249606237305333,0.4829221290013205,0.449966684808349,0.47099359563822885,0.3910827533685758,0.35829170558296924,0.3710605296927907,0.2592149936129001,0.25183321294928973,0.1025545900047748,0.1335762418072395,0.08852206414978692,0.031825160626459466,0.029745949972324444,0.0,0.0,0.0,0.0,0.0,0.0,0.0,0.0,0.0,0.0,0.0,0.0,0.0,0.0,0.0,0.0,0.0,0.0,0.0,0.0,0.0,0.0,0.0
0.0,0.0,0.0,0.0,0.0,0.0,0.0,0.0,0.0,0.0,0.0,0.0,0.0,0.0,0.0,0.0,0.0,0.0,0.0,0.0,0.0,0.0,0.0,0.0,0.0,0.0,0.0,0.0,0.015165167709660553,0.0,0.007157028163260484,0.04954085433327739,0.14244836941729547,0.19402892730495988,0.22787789349880377,0.2688844469055265,0.3152929454463319,0.30258026429086343,0.3546055552126703,0.39467140093898884,0.46255325813495746,0.4646980190873478,0.5039101066527076,0.5289775965496294,0.49807677122734695,0.6108386607196468,0.6733143603298324,0.6397219470651547,0.6474785449995938,0.6631624621121196,0.6919159871756267,0.6844298377964738,0.5704086769227366,0.6721638915692754,0.5939411905010507,0.6277846189678633,0.5839532057188892,0.513356305801892,0.550876661887916,0.5112041664379703,0.4451648684801778,0.41185453762644464,0.3960574657252521,0.25710303068930007,0.33348979770877046,0.22219717233303338,0.1971778235539897,0.2017395931491854,0.11772020118873418,0.1318496449897292,0.09643347125858073,0.0,0.0,0.0,0.0,0.0,0.0,0.0,0.0,0.0,0.0,0.0,0.0,0.0,0.0,0.0,0.0,0.0,0.0,0.0,0.0,0.0,0.0,0.0,0.0,0.0
0.0,0.0,0.0,0.0,0.0,0.0,0.0,0.0,0.0,0.0,0.0,0.0,0.0,0.0,0.0,0.0,0.0,0.0,0.0,0.0,0.0,0.0,0.0,0.0,0.0,0.0,0.0,0.00641662580268324,0.0,0.0,0.051878909048072186,0.07460304989243317,0.1083065652395562,0.06328882000619832,0.24160894807645883,0.14867761284403275,0.18339200495543448,0.3816605306164517,0.43361551120329034,0.43234984101666585,0.3995807655866766,0.5386078950055408,0.5328859151574561,0.5865581428017843,0.546187481683561,0.6137765302811516,0.64217183800739,0.687614027240166,0.6298456555777145,0.644832432485704,0.5858098283802197,0.6090290126999117,0.6717012400663078,0.6696418867403459,0.6841244699940441,0.6083688974440933,0.5773040034246376,0.5082324790632483,0.48905859084283587,0.5095098088739638,0.5206804025418774,0.44853131752056935,0.4723311175591118,0.32964634342337534,0.2717779321785662,0.24553448575710143,0.26497731417483816,0.22583211381551158,0.20880143017090086,0.14360574184157893,0.10439822591484853,0.05749999676794176,0.0,0.0024551410281981254,0.0,0.0,0.0,0.0,0.0,0.0,0.0,0.0,0.0,0.0,0.0,0.0,0.0,0.0,0.0,0.0,0.0,0.0,0.0,0.0,0.0,0.0
0.0,0.0,0.0,0.0,0.0,0.0,0.0,0.0,0.0,0.0,0.0,0.0,0.0,0.0,0.0,0.0,0.0,0.0,0.0,0.0,0.0,0.0,0.0,0.0,0.0,0.0,0.0,0.0,0.0,0.0,0.0,0.10536624403401783,0.09953090837940125,0.07491934965108502,0.13206274487342276,0.30297124798340763,0.3285885517539373,0.3098828120129578,0.31624215068019323,0.46685341193735064,0.5347221973217832,0.4449388972670867,0.5750608273204882,0.5717158920588303,0.6257028171348502,0.6629546418931134,0.6402977708313079,0.6311829260392015,0.6660403096293738,0.6206571756994986,0.680135602526249,0.6865151627191065,0.62807064789024,0.6377964795722584,0.6890863703698143,0.6753986532665419,0.5779995269182131,0.592911052548011,0.5449335586274084,0.46734334884434436,0.5180144672039,0.49770829786372933,0.32166883292509885,0.2675129680232575,0.39318108603926505,0.3518166568303748,0.299797300112535,0.15164888839225713,0.13408838198687673,0.06815964176351783,0.027347501173925925,0.0,0.020879753691748618,0.0,0.0,0.0,0.0,0.0,0.0,0.0,0.0,0.0,0.0,0.0,0.0,0.0,0.0,0.0,0.0,0.0,0.0,0.0,0.0,0.0,0.0,0.0
0.0,0.0,0.0,0.0,0.0,0.0,0.0,0.0,0.0,0.0,0.0,0.0,0.0,0.0,0.0,0.0,0.0,0.0,0.0,0.0,0.0,0.0,0.0,0.0,0.0,0.0,0.0,0.0,0.0,0.0,0.0,0.13178943699823348,0.13997509791289248,0.19124434901005244,0.22293661402822085,0.24803759994886554,0.29286141739702903,0.37251770847194,0.3038690687224801,0.49353930600199153,0.5253301083503882,0.5673402288510105,0.5135558019509544,0.5367070654569974,0.5735435987803038,0.5073654370066503,0.6438734854588837,0.5872878142173636,0.6841308503573732,0.7058359610582431,0.62075100330668,0.5957650864934874,0.6840128392874109,0.5503553755161996,0.6869130070964221,0.6436202850366606,0.6320388257749031,0.6406308461092016,0.5969436598308627,0.46842853918986704,0.5194745868289823,0.41948804581632465,0.45748112731240465,0.3831241520872244,0.3016299661736816,0.34159209159628523,0.3065930791588345,0.20750971963284986,0.15221578823656623,0.13854122910586067,0.07245007333869512,0.004742310041242259,0.03310557203891683,0.0,0.0,0.0,0.0,0.0,0.0,0.0,0.0,0.0,0.0,0.0,0.0,0.0,0.0,0.0,0.0,0.0,0.0,0.0,0.0,0.0,0.0,0.0
0.0,0.0,0.0,0.0,0.0,0.0,0.0,0.0,0.0,0.0,0.0,0.0,0.0,0.0,0.0,0.0,0.0,0.0,0.0,0.0,0.0,0.0,0.0,0.0,0.0,0.0,0.0,0.0,0.0,0.03146411382715873,0.06702247788084403,0.13456145582717993,0.12598201382024082,0.2669514579948078,0.16175206570732112,0.3641770444391533,0.3954082052569711,0.3399436043262968,0.4808776849515567,0.4672495150302057,0.5945003345540525,0.5754703935995525,0.5709904498418761,0.7311772860466451,0.6155835025359827,0.7146290408011415,0.6944724723500151,0.8186015349187944,0.7022493755919081,0.8066546399943988,0.7788182713100218,0.7728503113025296,0.7590535460201218,0.7876263737452128,0.7022826957774984,0.6146157507626557,0.6730854968730884,0.6835999245444822,0.6718028921921949,0.5631734767007487,0.5129536328332889,0.49793888705497036,0.41363088291024463,0.458376089656635,0.4162433547477119,0.33257577129593624,0.29394274844694984,0.24746369562366546,0.1805674214991012,0.1313626231418518,0.12423624529177149,0.0066860309810382185,0.01676644205503175,0.0,0.0,0.0,0.0,0.0,0.0,0.0,0.0,0.0,0.0,0.0,0.0,0.0,0.0,0.0,0.0,0.0,0.0,0.0,0.0,0.0,0.0,0.0
0.0,0.0,0.0,0.0,0.0,0.0,0.0,0.0,0.0,0.0,0.0,0.0,0.0,0.0,0.0,0.0,0.0,0.0,0.0,0.0,0.0,0.0,0.0,0.0,0.0,0.0,0.0,0.0,0.0012023313526190946,0.0,0.06391388254076202,0.10907729912824737,0.19929193646792642,0.20418321874225404,0.20772307113258304,0.31481228509582027,0.342656664838227,0.3164771832472298,0.43727258169573086,0.5541040165471148,0.5729393216185349,0.6783673865054148,0.49466865112277303,0.6704016631271893,0.7010417189987511,0.7158006348960815,0.7888018342233413,0.819785522968744,0.8198944936988284,0.7704002310203613,0.706247981340177,0.7290767043987147,0.8106587034907288,0.8119613176880222,0.7138931338115818,0.6997220706350714,0.7296250561311526,0.7533525203865563,0.7279292915321638,0.6730566746304011,0.6588852231593573,0.5993106227745998,0.45340429103396634,0.4815563551662677,0.46926716213675596,0.30894475217941253,0.19725141154653508,0.3181528731402031,0.17558873104682662,0.11689843986170526,0.0,0.10205929784454056,0.0,0.0,0.0,0.0,0.0,0.0,0.0,0.0,0.0,0.0,0.0,0.0,0.0,0.0,0.0,0.0,0.0,0.0,0.0,0.0,0.0,0.0,0.0,0.0
0.0,0.0,0.0,0.0,0.0,0.0,0.0,0.0,0.0,0.0,0.0,0.0,0.0,0.0,0.0,0.0,0.0,0.0,0.0,0.0,0.0,0.0,0.0,0.0,0.0,0.0,0.0,0.0,0.0,0.0,0.0,0.0,0.0,0.01889813945401496,0.0,0.005104146310288472,0.0,0.022301824286599214,0.06824968457730123,0.052161531593431454,0.04953104410912515,0.10564923448204684,0.0962225130874225,0.053853847516955045,0.08627790177878318,0.10714067096072721,0.12808087620562866,0.16171600728620383,0.05557998337060377,0.1640131616030013,0.21430464999964316,0.09160149556979527,0.20063908991853785,0.26860158692782593,0.3013391731486501,0.27784687843464007,0.16843452224527278,0.35506731702904576,0.449682773895768,0.3412839377305158,0.5769775307660135,0.6551183046778873,0.7104138025285726,0.6887086847844914,0.6526392261778484,0.6412163175728637,0.5967276735038312,0.5492870659148965,0.4682048345264931,0.4018989276470204,0.2942910016040373,0.20525905315704307,0.24626301846076606,0.14913538081765854,0.0675759867159026,0.0,0.0,0.03649332786622221,0.0,0.0,0.0,0.0,0.0,0.0,0.0,0.0,0.0,0.0,0.0,0.0,0.0,0.0,0.0,0.0,0.0,0.0
0.0,0.0,0.0,0.0,0.0,0.0,0.0,0.0,0.0,0.0,0.0,0.0,0.0,0.0,0.0,0.0,0.0,0.0,0.0,0.0,0.0,0.0,0.0,0.0,0.0,0.0,0.0,0.0,0.0,0.0,0.0,0.0,0.0,0.031083398509173688,0.005558628716775232,0.15384023928528548,0.1510060331596557,0.25824624328883167,0.3259138679337481,0.28491410972604725,0.3465299182669876,0.4548767670712278,0.46700228219737216,0.5891227199892536,0.5885664339698025,0.6357138113659334,0.6192508100023881,0.6778626685929479,0.6106406993459738,0.7451976250062969,0.6407454419875607,0.7817015561102486,0.6951413923390048,0.6917932360522879,0.7964105437323277,0.7909123895458399,0.7588074931037145,0.7516744668140608,0.7146073411983276,0.6880559958985387,0.7158797682975209,0.5997945022528073,0.5793234618105919,0.6428862452167465,0.511095336559173,0.43880394606160195,0.40814082289922915,0.34839348114207763,0.22583067533532272,0.24510143941365842,0.1506309495404854,0.19876476444484395,0.10666592517933475,0.09766507060717675,0.06395312934723604,0.07406069440568468,0.0,0.0,0.0,0.0,0.0,0.0,0.0,0.0,0.0,0.0,0.0,0.0,0.0,0.0,0.0,0.0,0.0,0.0,0.0,0.0
0.0,0.0,0.0,0.0,0.0,0.0,0.0,0.0,0.0,0.0,0.0,0.0,0.0,0.0,0.0,0.0,0.0,0.0,0.0,0.0,0.0,0.0,0.0,0.0,0.0,0.0,0.0,0.0,0.0,0.0,0.0,0.0,0.022757608679405884,0.0,0.034260242336308894,0.03166086097222629,0.06395750784746249,0.10187226171776752,0.1513916386348783,0.16608831056547146,0.1416563032228845,0.2604395467279115,0.3049055618696263,0.36594308924749197,0.3351023435745879,0.3707545593996385,0.39906352049056176,0.42536866069720286,0.4030934816585526,0.37098047256487243,0.385009121258835,0.4618552581773283,0.46401824664477664,0.45112924000552745,0.5298211906292708,0.49028434629336964,0.44151711681821043,0.413134591882873,0.4820146685899064,0.4614743500759168,0.40715173082129424,0.39176412626115253,0.4108598974176948,0.38194808430469007,0.3340244676440523,0.27905980136553815,0.2625212517229888,0.24751130512993696,0.2088312537392981,0.19152871669745963,0.1359224999398525,0.10960173153051048,0.050139192998509136,0.09245894642811955,0.027317694870320423,0.043889061150183914,0.0,0.0,0.0,0.0,0.0,0.0,0.0,0.0,0.0,0.0,0.0,0.0,0.0,0.0,0.0,0.0,0.0,0.0,0.0,0.0
0.0,0.0,0.0,0.0,0.0,0.0,0.0,0.0,0.0,0.0,0.0,0.0,0.0,0.0,0.0,0.0,0.0,0.0,0.0,0.0,0.0,0.0,0.0,0.0,0.0,0.0,0.0,0.0,0.0,0.0,0.0,0.0,0.0,0.0,0.0,0.005647646790077107,0.1374255614567068,0.1793526735864789,0.21768914379480023,0.2317102459108366,0.22681383966683558,0.33044464914967314,0.3013385560988469,0.4378604284359608,0.5219725032233709,0.5845820844213061,0.5206657671958475,0.6113413015842278,0.7052570827680009,0.7271785676663229,0.6571767484364563,0.5714062984013291,0.6940920921893243,0.6984483840656883,0.6833831939607259,0.6949632290026337,0.6474416585984044,0.63841797946373,0.60795746991619,0.5702978813570964,0.506768621541205,0.4567820122791775,0.3033389438310242,0.3357133776198219,0.27758879873030795,0.2887404028301473,0.2323987475063001,0.20132227160039284,0.1915308745090435,0.10108090784191072,0.10268036720791365,0.07159653302990725,0.0677370521155996,0.0,0.0216485509740648,0.0,0.0,0.01618622174980661,0.0,0.0,0.0,0.0,0.0,0.0,0.0,0.0,0.0,0.0,0.0,0.0,0.0,0.0,0.0,0.0,0.0,0.0
0.0,0.0,0.0,0.0,0.0,0.0,0.0,0.0,0.0,0.0,0.0,0.0,0.0,0.0,0.0,0.0,0.0,0.0,0.0,0.0,0.0,0.0,0.0,0.0,0.0,0.0,0.0,0.0,0.0,0.0,0.0,0.0,0.0,0.0,0.0,0.0,0.014144101375592156,0.010906804115250864,0.00817066667953837,0.03316818847294303,0.0,0.007008666238553583,0.028689916377347205,0.02200368031920385,0.06229797464609709,0.059918939126245525,0.03678768267065047,0.07224893797393074,0.09277530974734732,0.11359731900998835,0.10739200043202121,0.156167546172314,0.15119438821943618,0.12611620690009706,0.14658044576641793,0.15156614317219683,0.16757219903476084,0.16175852613769323,0.18029450222016985,0.18056205202000628,0.16695071963728259,0.1449085452921606,0.11074342573970838,0.10548478824589329,0.11310519946393571,0.14452188078550543,0.12489926063789102,0.14126594013589813,0.12249669345419063,0.08081672259121545,0.11702587015447208,0.10789042310252994,0.13587061965216385,0.10982397461776773,0.08342417869115146,0.05796493057240015,0.03185512751523691,0.03167651255022049,0.0143989132000145,0.0023176615881801543,0.0,0.0,0.0,0.0,0.0,0.0,0.0,0.0,0.0,0.0,0.0,0.0,0.0,0.0,0.0,0.0
0.0,0.0,0.0,0.0,0.0,0.0,0.0,0.0,0.0,0.0,0.0,0.0,0.0,0.0,0.0,0.0,0.0,0.0,0.0,0.0,0.0,0.0,0.0,0.0,0.0,0.0,0.0,0.0,0.0,0.0,0.0,0.0,0.0,0.0025086217943479953,0.0018776335129251122,0.0,0.0,0.01223406632805111,0.015300319309624064,0.008967789414608213,0.02272688222307959,0.028376918072475266,0.03125366104508264,0.047525928626116445,0.06118560851823626,0.059583039475382044,0.0620861624967779,0.06841336390442551,0.07801645193713559,0.07231865513053723,0.07880765621380703,0.08821800417984697,0.09255232177767378,0.10407463945857719,0.09619973321662949,0.08263899480535283,0.07186526597119267,0.04840955419810912,0.054429876049873184,0.05200559723799529,0.0325535419163876,0.02832103609278345,0.02886266811280156,0.04369422045211334,0.03755142619322717,0.044640724335602955,0.057247145894560134,0.04741140508097366,0.057172198046468996,0.052706771309561466,0.04779862856275594,0.048170768123829255,0.04986038837846341,0.03140606423677051,0.0452488541624236,0.03965181132378266,0.035318634335251176,0.024955723408017765,0.01793304273100019,0.005523854818149599,0.0,0.0,0.0,0.0,0.0,0.0,0.0,0.0,0.0,0.0,0.0,0.0,0.0,0.0,0.0,0.0
0.0,0.0,0.0,0.0,0.0,0.0,0.0,0.0,0.0,0.0,0.0,0.0,0.0,0.0,0.0,0.0,0.0,0.0,0.0,0.0,0.0,0.0,0.0,0.0,0.0,0.0,0.0,0.0,0.0,0.0,0.0,0.0,0.0,0.02617076138543329,0.053928105073247044,0.06849817329213571,0.11473211907893215,0.10335531608194182,0.16905149719860146,0.22225829229932445,0.2521557618022555,0.3263180933265185,0.39638922275546995,0.40665437331491666,0.40861753183499866,0.3423493043480351,0.36888702923391725,0.40670353438328677,0.30438863416070605,0.3658188460397692,0.40223694988013214,0.42097350106365355,0.4387975947914772,0.42335070785338685,0.44783224138875544,0.4127237275808099,0.43000883292439773,0.4295401868203834,0.40167875319673035,0.34456044933327057,0.4270368747875365,0.39115820752674707,0.42195366069395,0.3650274114199553,0.2824241962498205,0.29070373970494384,0.24264384229021435,0.2744927480022853,0.15625551661429998,0.21057739938694123,0.18963025513461199,0.17885220421920722,0.1314899487042564,0.1097637479236997,0.10719894006990134,0.055051477172214466,0.026646245561316784,0.028015038938958313,0.0,0.0,0.0,0.0,0.0,0.0,0.0,0.0,0.0,0.0,0.0,0.0,0.0,0.0,0.0,0.0,0.0,0.0
0.0,0.0,0.0,0.0,0.0,0.0,0.0,0.0,0.0,0.0,0.0,0.0,0.0,0.0,0.0,0.0,0.0,0.0,0.0,0.0,0.0,0.0,0.0,0.0,0.0,0.0,0.0,0.0,0.0,0.0,0.018346008368152283,0.0,0.07061080410388192,0.0890041999650209,0.17996742355142764,0.17898339540050306,0.22992399109634107,0.35200549816254595,0.3909689331406482,0.40523924622199564,0.44647234965074256,0.5885099708160463,0.6586702625831474,0.5795660130862943,0.5810961728737697,0.688200159318392,0.8018375805134228,0.6750418854964584,0.7613939797584223,0.7694942585731733,0.7437379049092486,0.7765074677272374,0.6513996341217718,0.4891564667127181,0.514941622753697,0.4236150607789209,0.42995823334843314,0.2755594044930992,0.3641769900835412,0.30738136210281075,0.37109256067481994,0.4000462471930694,0.3725563545597471,0.3576706196882775,0.32374222017166904,0.35777988066061667,0.25852478199610446,0.3583644077024784,0.30502232745525026,0.2475822371898967,0.2085840075695167,0.1556219512320821,0.004842433767195564,0.0,0.06599489145494267,0.016710374129854322,0.039389488467693835,0.03561480145219012,0.00317895575031096,0.0,0.0,0.0,0.0,0.0,0.0,0.0,0.0,0.0,0.0,0.0,0.0,0.0,0.0,0.0,0.0,0.0
0.0,0.0,0.0,0.0,0.0,0.0,0.0,0.0,0.0,0.0,0.0,0.0,0.0,0.0,0.0,0.0,0.0,0.0,0.0,0.0,0.0,0.0,0.0,0.0,0.0,0.0,0.0,0.0,0.0,0.0,0.018634780756381076,0.0,0.07240900161717162,0.11132001742238179,0.14503704253954622,0.14683445518853386,0.15917878611946115,0.21005321013151412,0.2434943049626768,0.26071004657019664,0.3040359996640356,0.24156530880601598,0.27011706307159794,0.267914473445121,0.23369653092472037,0.1841675862661245,0.1981222832159593,0.18039791089216634,0.17779517930360292,0.1221711143587919,0.13632605726578567,0.1469875089836296,0.15474540933725603,0.1332296689400315,0.14114786588859063,0.11803130757993037,0.13089877852292664,0.12025169657441152,0.10909115040184703,0.08879114155129471,0.10436775450106427,0.10287256106345774,0.07203302069564581,0.06108240343136219,0.06891326663810275,0.05536505602386142,0.06239793206431207,0.06253198307110441,0.04488271649111292,0.047439394069939175,0.052651665511413516,0.03921083272353212,0.020141639266293004,0.012968802416724072,0.0,0.0,0.0,0.0,0.0,0.0,0.0,0.0,0.0,0.0,0.0,0.0,0.0,0.0,0.0,0.0,0.0,0.0,0.0,0.0,0.0,0.0
0.0,0.0,0.0,0.0,0.0,0.0,0.0,0.0,0.0,0.0,0.0,0.0,0.0,0.0,0.0,0.0,0.0,0.0,0.0,0.0,0.0,0.0,0.0,0.0,0.0,0.0,0.0,0.0,0.0,0.0,0.0,0.0,0.0,0.0,0.006848490795173589,0.007442908529230029,0.0026691530234498675,0.03728151712127182,0.027191512125004015,0.05930981449312128,0.07553724871318776,0.09827933601845561,0.08521837453254566,0.11888583293180913,0.10632776322126819,0.13537726160405997,0.14355859493951625,0.1544718116669311,0.1946743101276924,0.19560718885036987,0.19346122282004508,0.21939476047271012,0.2516911822426856,0.25494208058137063,0.2684579092658242,0.25452091646212877,0.2673589431119278,0.26073171831258884,0.2795455236818463,0.27145935878358296,0.2246054592811283,0.0829314825244008,0.11475305164158899,0.10650430825568652,0.10096058891389022,0.14340792353707515,0.16372148764227953,0.16664362875856667,0.13433514175211395,0.07980466489031304,0.09700978852495554,0.0432926030031999,0.002356335476454023,0.023004643443742593,0.01766524805701451,0.0,0.0,0.0,0.0,0.0,0.0,0.0,0.0,0.0,0.0,0.0,0.0,0.0,0.0,0.0,0.0,0.0,0.0,0.0,0.0,0.0
0.0,0.0,0.0,0.0,0.0,0.0,0.0,0.0,0.0,0.0,0.0,0.0,0.0,0.0,0.0,0.0,0.0,0.0,0.0,0.0,0.0,0.0,0.0,0.0,0.0,0.0,0.0,0.0,0.0,0.0,0.0,0.0,0.007373422186587849,0.0,0.0323206574654846,0.04951271961498536,0.053871479332633726,0.06819514714215334,0.09312601670163757,0.1041797897818169,0.1284746772331382,0.13319167915095015,0.14208707855273234,0.1402043416713194,0.15951021446961988,0.15199037772623294,0.17189006398000362,0.19272828962591323,0.1760070359325919,0.18205395089963022,0.18477790841452021,0.15273512813286821,0.1602327527093286,0.14828588568994744,0.16138690385516224,0.16105504317857391,0.13086860272934986,0.14048866771457308,0.16702718751611384,0.16773330130208747,0.20420907496159535,0.18282567446222628,0.21620490712257714,0.24343262508662694,0.19175896981938217,0.12381951911794489,0.11925531782045477,0.11636737743258158,0.09266083158356532,0.08424799080226271,0.05229906681724718,0.05928308293477425,0.04671586433160471,0.03190621493939289,0.022778177728677598,0.027140000356498894,0.0,0.008633173153445679,0.0,0.0,0.0,0.0,0.0,0.0,0.0,0.0,0.0,0.0,0.0,0.0,0.0,0.0,0.0,0.0,0.0,0.0
0.0,0.0,0.0,0.0,0.0,0.0,0.0,0.0,0.0,0.0,0.0,0.0,0.0,0.0,0.0,0.0,0.0,0.0,0.0,0.0,0.0,0.0,0.0,0.0,0.0,0.0,0.0,0.0,0.0,0.0,0.0,0.0,0.0,0.0,0.0,0.000660369842158226,0.0,0.03155255685587387,0.02944332763425988,0.08144302069646583,0.046338148145555313,0.0,0.038168512371444877,0.10911287803689446,0.14914860120493467,0.12894098174190685,0.3413391975059655,0.4822696001586577,0.57216925900889,0.7343081825196294,0.8370950106403744,0.8594132460820049,0.8452776781799317,0.7370423061437525,0.7010001782565252,0.7040298839501791,0.49771693623595104,0.471194373281817,0.4778684132321386,0.3638315185543496,0.47872359136204035,0.36193755010807865,0.27059868654412444,0.2519659799453109,0.3147552539222789,0.3632256043181831,0.254552173227958,0.21658458176834933,0.19866333189249136,0.24411137442290787,0.19653386145918236,0.14475723923319078,0.1586024132456525,0.10437213942140197,0.13014559773314432,0.04287042120149203,0.05467888795742518,0.0,0.0,0.0,0.0,0.0,0.0,0.0,0.0,0.0,0.0,0.0,0.0,0.0,0.0,0.0,0.0,0.0,0.0,0.0
0.0,0.0,0.0,0.0,0.0,0.0,0.0,0.0,0.0,0.0,0.0,0.0,0.0,0.0,0.0,0.0,0.0,0.0,0.0,0.0,0.0,0.0,0.0,0.0,0.0,0.0,0.0,0.0,0.0,0.0,0.0,0.056500178741735525,0.06469543127700002,0.10022069180626732,0.1130103053065555,0.08886335593901949,0.08480062029728386,0.11947128503344179,0.10363439062515402,0.13189337597170384,0.112277813621938,0.16413574580413656,0.17963137373377666,0.1898252240676448,0.17945716982304277,0.16732713449150838,0.1695884294480865,0.18918791739506166,0.18683048916524525,0.19396315396150915,0.20761119610991552,0.22483119686532324,0.2136541456680468,0.1959592973263866,0.17385761516192544,0.21836499926446692,0.19292089088752534,0.225444513600948,0.20762870330088296,0.2067093307219522,0.23982871290732233,0.2639983150636279,0.26019609604459093,0.23125850981224122,0.2869480357443534,0.2873402919536977,0.27209296904701513,0.1791431591202153,0.16087757057010377,0.18040714325217677,0.12149729655286026,0.12424086297971138,0.11765908741566339,0.09320475466565625,0.02712172276396456,0.0431991654390923,0.0031980619857769205,0.023767670386849935,0.00977381094130186,0.0005714623729049118,0.0,0.0,0.0,0.0,0.0,0.0,0.0,0.0,0.0,0.0,0.0,0.0,0.0,0.0,0.0,0.0
0.0,0.0,0.0,0.0,0.0,0.0,0.0,0.0,0.0,0.0,0.0,0.0,0.0,0.0,0.0,0.0,0.0,0.0,0.0,0.0,0.0,0.0,0.0,0.0,0.0,0.0,0.0,0.0,0.0,0.0,0.0,0.04595807557562217,0.03698282950133485,0.031598025812006006,0.14167466144161878,0.15974381824861428,0.21342177817111202,0.30858015234750413,0.35876044553919934,0.43369486019787923,0.3867413373696993,0.45554486543054007,0.5903735299296945,0.5940185650841355,0.5659978921014629,0.5559792828626428,0.6126604663292192,0.5638055358480668,0.512852459282672,0.6512250683357805,0.5019843959626193,0.5672538000613156,0.5226055881344593,0.6616219183963339,0.4682165508003735,0.4450665503518526,0.5490745012137138,0.5089712215575039,0.5995403229949711,0.6089776857113034,0.5323829750900511,0.6389826882275782,0.550430181201529,0.6195521245308857,0.4568422363391805,0.5074296699757849,0.5094285648653333,0.45515070364418486,0.3911639426822789,0.3039627556634712,0.3076816066299274,0.29637564985974046,0.26864697258406106,0.1555155082898953,0.1777059181930815,0.10871621365051198,0.03051169433048842,0.004150847692539317,0.02774449718168054,0.0,0.0,0.0,0.0,0.0,0.0,0.0,0.0,0.0,0.0,0.0,0.0,0.0,0.0,0.0,0.0,0.0
0.0,0.0,0.0,0.0,0.0,0.0,0.0,0.0,0.0,0.0,0.0,0.0,0.0,0.0,0.0,0.0,0.0,0.0,0.0,0.0,0.0,0.0,0.0,0.0,0.0,0.0,0.0,0.0,0.0007544879809607572,0.0,0.0,0.03892641033336706,0.10339497254785265,0.13904769469199135,0.08988849690415021,0.1601485727211493,0.3114488957961866,0.38862530197816036,0.4324335676746073,0.5304023454606552,0.5358380448385139,0.5016703398357247,0.561408215801282,0.6737242912659084,0.670566960306637,0.6599088273289165,0.7400661339685574,0.674865225233782,0.6922306475475991,0.6285946904625235,0.6247009964799826,0.5375245855970349,0.7445621958709427,0.7005377972679808,0.7628673979518517,0.6681862650884929,0.5918849159372069,0.6909763641599588,0.6265234214717302,0.6119771191299004,0.5628130876451416,0.6235435997876564,0.5594361478319803,0.601567931531364,0.5338891355002102,0.4843245831126702,0.4302975791018769,0.4170242246240263,0.4053919500749811,0.3592844523028218,0.2466659375748549,0.3244078801383114,0.25490102940007997,0.13610410247421484,0.14272746448918436,0.0785229907572142,0.0963108098626335,0.06261207770162748,0.0,0.0,0.0,0.0,0.0,0.0,0.0,0.0,0.0,0.0,0.0,0.0,0.0,0.0,0.0,0.0,0.0,0.0
0.0,0.0,0.0,0.0,0.0,0.0,0.0,0.0,0.0,0.0,0.0,0.0,0.0,0.0,0.0,0.0,0.0,0.0,0.0,0.0,0.0,0.0,0.0,0.0,0.0,0.0,0.0,0.0,0.0,0.0018676984869539087,0.0,0.09705614820016827,0.056023311175161086,0.15797579626741776,0.2203348552890344,0.18910846708927193,0.35168551856876895,0.2747502987357616,0.29840543135906294,0.4696996107680911,0.44580403531125906,0.5680643757492879,0.6006834525771565,0.6346357881295241,0.7015300711355771,0.6482765929835758,0.8191801038949698,0.7655228529641274,0.8641032331373775,0.8743121316590491,0.8284857801105399,0.89743328351033,0.7823508183464564,0.8885024675355645,0.8755739755940635,0.6865689404323675,0.859180405557966,0.8339278650482447,0.874382333574219,0.7523885589540918,0.845132467837305,0.7857596535625739,0.6713971822028044,0.7048133981884381,0.6072539076243592,0.6012776277921129,0.3699213763873594,0.4507918191175375,0.45350959574792404,0.4215166194078258,0.3012417603528021,0.29214883390081486,0.17922560096895437,0.20830922100844965,0.0974491428048432,0.10269935901672564,0.006252504850257495,0.0,0.0,0.0,0.0,0.0,0.0,0.0,0.0,0.0,0.0,0.0,0.0,0.0,0.0,0.0,0.0,0.0,0.0,0.0
0.0,0.0,0.0,0.0,0.0,0.0,0.0,0.0,0.0,0.0,0.0,0.0,0.0,0.0,0.0,0.0,0.0,0.0,0.0,0.0,0.0,0.0,0.0,0.0,0.0,0.0,0.0,0.0,0.0,0.010936838568568037,0.0,0.0,0.005709433320842103,0.10085564941426937,0.20388492460969485,0.19950725268135308,0.31268764147634504,0.3211129317906719,0.2099452947824578,0.48815376622462564,0.46707143060258915,0.5006221899938047,0.6282102422542575,0.5923721387476067,0.6650157665252032,0.6994787128202428,0.7368763334568895,0.6268769841029642,0.7225472106594997,0.6888827356527952,0.7119329970070704,0.6923653040116294,0.7207046301801606,0.7613970138055924,0.7560616860044432,0.598840831218854,0.6928094780221085,0.7618531893324121,0.7609276524145646,0.6684474582422657,0.690788497280745,0.6137919607554667,0.6253377126907198,0.5193734942342585,0.3672662747230444,0.47548975537933075,0.4602334245894332,0.2983882336718866,0.3070554118632169,0.2538074400248681,0.2764993981204398,0.17165406636824204,0.12422408029469405,0.05319403894246394,0.0,0.0,0.03026392833524437,0.05121453748381109,0.016615397056172418,0.0,0.0,0.0,0.0,0.0,0.0,0.0,0.0,0.0,0.0,0.0,0.0,0.0,0.0,0.0,0.0,0.0
0.0,0.0,0.0,0.0,0.0,0.0,0.0,0.0,0.0,0.0,0.0,0.0,0.0,0.0,0.0,0.0,0.0,0.0,0.0,0.0,0.0,0.0,0.0,0.0,0.0,0.0,0.0,0.0,0.0,0.0,0.038581635631218476,0.04520235788168247,0.0,0.08819846249193813,0.14309251677742524,0.18594618164645652,0.2217156757944592,0.22884876506081972,0.24893269307363583,0.30720235142458596,0.35712498968788353,0.3265064788063404,0.3855944341204453,0.3646684120060756,0.3350420127207791,0.31557045476406187,0.3092961094702487,0.32514452805251165,0.3135817915755085,0.3090151148789433,0.2535901294517545,0.3041814280958109,0.28672870128363415,0.2796899038282238,0.34016969495281724,0.44533712284774285,0.4576418241533443,0.4869995444929143,0.31506938834791587,0.4211839860201123,0.3976542819294866,0.3616280322763667,0.2746157178896199,0.2860651391961635,0.34990945894287473,0.36553133288471223,0.34820742818918854,0.23949672365207023,0.258997249744597,0.17649763164481969,0.16642474898393855,0.15523369933485387,0.17248158190699034,0.08320869613168637,0.07235447814601459,0.021197247514959786,0.03168513989844182,0.0340342751025335,0.0,0.0,0.0,0.0,0.0,0.0,0.0,0.0,0.0,0.0,0.0,0.0,0.0,0.0,0.0,0.0,0.0,0.0
0.0,0.0,0.0,0.0,0.0,0.0,0.0,0.0,0.0,0.0,0.0,0.0,0.0,0.0,0.0,0.0,0.0,0.0,0.0,0.0,0.0,0.0,0.0,0.0,0.0,0.0,0.0,0.0,0.0,0.0,0.014425844864193795,0.0,0.0,0.08299051102412389,0.17746718140705664,0.2205944785327962,0.24853370794937396,0.17745797081339573,0.39125029560019264,0.4799282519085355,0.5366733144844755,0.4792872707375369,0.5933732921559376,0.5968808448516452,0.6496424685193715,0.7152665737186892,0.7085916275467139,0.7438286223031526,0.7154294874259903,0.6979817169990721,0.7242893839354235,0.5988957045548673,0.601426526087539,0.5692171206586188,0.5560903585075779,0.4647210111458944,0.4934125786819805,0.5767687474375885,0.5881622979040332,0.5706553666435247,0.5144044366789378,0.5599880365086236,0.45386244827007544,0.4206879616831213,0.37593388105012865,0.42786866081801306,0.22006024148803924,0.3635018164683884,0.36204787449606296,0.25038213370280404,0.18097498283178387,0.12481600231937649,0.1835872956676368,0.06793407580740315,0.031490497316631935,0.026916090839868262,0.04800783657466416,0.0007441042387409808,0.0,0.0,0.0008260971945175284,0.0,0.0,0.0,0.0,0.0,0.0,0.0,0.0,0.0,0.0,0.0,0.0,0.0,0.0,0.0
0.0,0.0,0.0,0.0,0.0,0.0,0.0,0.0,0.0,0.0,0.0,0.0,0.0,0.0,0.0,0.0,0.0,0.0,0.0,0.0,0.0,0.0,0.0,0.0,0.0,0.0,0.0,0.0,0.0,0.024968612208788182,0.0,0.0009701271579843074,0.11659562306553131,0.035382158239474326,0.11928761621030501,0.2161938341817704,0.14613724149004198,0.13342091718822446,0.29908938131517276,0.27667516953560484,0.3259021075495689,0.3425681306820556,0.35737581670026725,0.3691307873299104,0.320695796431148,0.3356575144590208,0.3909922487782593,0.3486957000351162,0.43191747373325373,0.4306959622556389,0.519119417443244,0.5027785694359435,0.6252975302852499,0.7195273165365249,0.7568037616053137,0.7621362320274792,0.7899284242132986,0.7871387549761943,0.8282344785239278,0.7895939017245017,0.7532813514938895,0.6904476034199435,0.6957662779927293,0.6526224870278421,0.701580115062436,0.6529503216664235,0.6024516669728197,0.49373791927511324,0.5527512089677077,0.47763393176545504,0.38737233089952444,0.39595114572899714,0.3287146310029829,0.14692706920274207,0.1873680383507358,0.1236172469639672,0.013710470474683045,0.05677114851088031,0.015712255428002475,0.0,0.0,0.0,0.0,0.0,0.0,0.0,0.0,0.0,0.0,0.0,0.0,0.0,0.0,0.0,0.0,0.0
0.0,0.0,0.0,0.0,0.0,0.0,0.0,0.0,0.0,0.0,0.0,0.0,0.0,0.0,0.0,0.0,0.0,0.0,0.0,0.0,0.0,0.0,0.0,0.0,0.0,0.0,0.0,0.0,0.0,0.0,0.023818227845469553,0.050662274432505074,0.07804760972757312,0.07420365701167678,0.12977543402461253,0.23256367057020502,0.2993289977478543,0.3641634096377046,0.5040208451264299,0.5573841929249457,0.598658448609636,0.6417594272927396,0.6040820473020236,0.6836756247039215,0.7520268641789476,0.7975007435785628,0.7421170114883096,0.7803411272226096,0.7923014698033634,0.7773485108529193,0.8527196735747842,0.9407263535664924,0.9331592371999199,0.9809122852212186,0.9126131268335894,0.9193669827353832,0.9014592562891535,0.9139454182661977,0.8570500977835697,0.8409470768489637,0.8541137556389177,0.8726844916988888,0.8218173576348216,0.7963576717954224,0.5996729072641046,0.5179023104203996,0.5252153289727841,0.5997197877502591,0.5473942131146169,0.3820605989411086,0.4231411660041238,0.357107410690784,0.31005620804905587,0.1505396952097005,0.23199171329629326,0.1987439300555896,0.051196854721931126,0.0,0.0,0.0,0.0,0.0,0.0,0.0,0.0,0.0,0.0,0.0,0.0,0.0,0.0,0.0,0.0,0.0,0.0,0.0
0.0,0.0,0.0,0.0,0.0,0.0,0.0,0.0,0.0,0.0,0.0,0.0,0.0,0.0,0.0,0.0,0.0,0.0,0.0,0.0,0.0,0.0,0.0,0.0,0.0,0.0,0.0,0.0,0.0,0.030917937511954856,0.05273400664069193,0.0,0.09654676591370763,0.2069804790959048,0.17845414487387817,0.3537418208666727,0.34101648438556653,0.46833404741281187,0.5342500907186162,0.510914989918841,0.6049455707703398,0.603504455644787,0.6353594224819583,0.6787120851348141,0.7809247694582897,0.806774323858511,0.7926325186706551,0.9145859017242248,0.9033141189310199,0.946493887899825,0.8209477088189876,0.9755922336530505,0.9322791165483489,0.8983255207218537,0.8592549518182092,0.8234068424052761,0.7495331247884001,0.855606173311007,0.7972624512544555,0.7626509744462561,0.8680373352562554,0.8597778261916571,0.8391336637187974,0.7914623325706911,0.7939118755376852,0.7568743413914493,0.7130665187394347,0.6589516954565303,0.5698566773438278,0.5348129570440815,0.4606001858931428,0.3555669953707413,0.3379723484492451,0.297184341694956,0.24440736684382341,0.11791547872916322,0.0,0.0,0.044969771072434994,0.0,0.0,0.0,0.0,0.0,0.0,0.0,0.0,0.0,0.0,0.0,0.0,0.0,0.0,0.0,0.0,0.0
0.0,0.0,0.0,0.0,0.0,0.0,0.0,0.0,0.0,0.0,0.0,0.0,0.0,0.0,0.0,0.0,0.0,0.0,0.0,0.0,0.0,0.0,0.0,0.0,0.0,0.0,0.0,0.0,0.0,0.04768523795822084,0.03727322735089767,0.10852983477282613,0.08190906571689388,0.2326613761014067,0.24580259402995208,0.34649326572461286,0.3371015152510045,0.40187697138196976,0.47368625275300624,0.5634749173526477,0.5467427404101991,0.6029590336658366,0.6312326378393456,0.5091486498526301,0.6780000727597465,0.7152584102478899,0.6858229986470067,0.6641756694573401,0.8172047131731709,0.7516509533337201,0.8216053737909466,0.8522617606863296,0.8738078946246534,0.8417249526199664,0.8751282584520361,0.9053022829089278,0.8109374470327383,0.886754398371633,0.8316386924343248,0.8677719559090158,0.7846090662778757,0.7485133860602745,0.7991084499072127,0.7286721392233523,0.7466130872434954,0.6120005679145183,0.5835621036219353,0.5682218495215435,0.4800681686562328,0.42327392999234426,0.4240162930796133,0.40042354397877467,0.3216980548946044,0.1491609597806331,0.1843104770479041,0.0,0.05696623784120869,0.026103429957203092,0.0,0.0,0.0,0.0007223090269692844,0.0,0.0,0.0,0.0,0.0,0.0,0.0,0.0,0.0,0.0,0.0,0.0,0.0,0.0
0.0,0.0,0.0,0.0,0.0,0.0,0.0,0.0,0.0,0.0,0.0,0.0,0.0,0.0,0.0,0.0,0.0,0.0,0.0,0.0,0.0,0.0,0.0,0.0,0.0,0.0,0.0,0.0,0.0,0.0,0.013008031556543245,0.12744417548428388,0.0,0.0,0.20530330785621217,0.2078321154801453,0.36487556557018924,0.36439463712412945,0.47038814366910064,0.521824590327981,0.4598975841100245,0.6063470854800934,0.529900784642781,0.5729257079037474,0.6512693662276782,0.7212234679849667,0.6951149603002038,0.789928457239584,0.7565910949943079,0.8536332744124789,0.7755990130993003,0.6683469248247902,0.8437398263108399,0.8316115574458365,0.8668177598205018,0.8397714421018172,0.8141840703855863,0.7978208623300723,0.7689882553039408,0.6200316139948061,0.7885445607576034,0.6321065181120799,0.683981275062011,0.5423753783592199,0.6099363766409771,0.568570859320896,0.5423788048672813,0.517810261228113,0.5049655304255661,0.30083927730660276,0.35738331550202806,0.24611047548490964,0.26804693471571395,0.15934508209315174,0.11609333682130771,0.13150166601365224,0.0,0.0459313612928048,0.0,0.0,0.0,0.0,0.0,0.0,0.0,0.0,0.0,0.0,0.0,0.0,0.0,0.0,0.0,0.0,0.0,0.0
0.0,0.0,0.0,0.0,0.0,0.0,0.0,0.0,0.0,0.0,0.0,0.0,0.0,0.0,0.0,0.0,0.0,0.0,0.0,0.0,0.0,0.0,0.0,0.0,0.0,0.0,0.0,0.0,0.0,0.04083556100681549,0.0,0.05843533510682247,0.17490606776721154,0.2255323308226465,0.2760305670725541,0.3315156902541807,0.38535696242100476,0.17555631665818494,0.47417679317337397,0.4702954237525516,0.5408448736900893,0.5751478104716453,0.5987813060021536,0.7043621869292971,0.7294940195108405,0.7269837154069668,0.8011771620782505,0.7238273550382734,0.7612219440992852,0.701513268594421,0.8657495055919009,0.897749598114597,0.9236940567780952,0.8803988050530679,0.7975853343603931,0.8345729790189267,0.9056547553120702,0.8697234921018849,0.7046208524299316,0.5521108290697264,0.6629421790113851,0.8004973926272824,0.7783443623182466,0.7394256263500343,0.6781362678778845,0.687744599988812,0.6113931150317895,0.557822673303476,0.48060518377918254,0.4690709054390251,0.44444596227673444,0.38832343635518657,0.12104187288048618,0.18886555303707125,0.1804161084497889,0.17722288201117709,0.14531015301902375,0.04625684007853341,0.004290282302692738,0.0,0.01603956775866115,0.0,0.0,0.0,0.0,0.0,0.0,0.0,0.0,0.0,0.0,0.0,0.0,0.0,0.0,0.0
0.0,0.0,0.0,0.0,0.0,0.0,0.0,0.0,0.0,0.0,0.0,0.0,0.0,0.0,0.0,0.0,0.0,0.0,0.0,0.0,0.0,0.0,0.0,0.0,0.0,0.0,0.0,0.0,0.0,0.0,0.0,0.0,0.15029330005036867,0.20562593833001985,0.25435782485864905,0.28601891343904046,0.38693882871174423,0.27077472593126073,0.4970623848295952,0.38871933147961274,0.44255831323669514,0.5554571521952946,0.6287394059977058,0.7150702611781801,0.7515342380291407,0.712155612008834,0.6203643550567668,0.7876036554777048,0.7880326309613125,0.8438656334341915,0.916265870366071,0.8432178274360519,0.9032657104151213,0.9592866748656489,0.9201694074162905,0.75838373924529,0.941552259304456,0.9149610243050934,0.7910077854943905,0.8649744073069858,0.6859128737003883,0.6927098943518776,0.7275900938735964,0.6788889316920111,0.6297931194508255,0.6516639609988251,0.5346725519978213,0.4786027373329441,0.43752116030851007,0.49011221272940386,0.1388511775761892,0.2759112728470071,0.30907502788943314,0.2704381579052821,0.1541708354847413,0.11863607728089068,0.0,0.033361045682485616,0.03726693955596218,0.02180527511815335,0.015889435168553068,0.0,0.0,0.0,0.0,0.0,0.0,0.0,0.0,0.0,0.0,0.0,0.0,0.0,0.0,0.0
0.0,0.0,0.0,0.0,0.0,0.0,0.0,0.0,0.0,0.0,0.0,0.0,0.0,0.0,0.0,0.0,0.0,0.0,0.0,0.0,0.0,0.0,0.0,0.0,0.0,0.0,0.0,0.009622403033645248,0.0,0.030308135598539687,0.018290001854991925,0.06475068828094376,0.10131572772753109,0.21171684737898572,0.24982716566100713,0.2591588563876449,0.34200269343488965,0.40562363452204875,0.3845754257128834,0.4350785105933264,0.4598258318096826,0.46913994012581195,0.45719624715722934,0.3826286961264943,0.3795232245877927,0.32539513076998655,0.2535316641043145,0.22223514447190468,0.21223580433900485,0.2726859859736338,0.291977784277826,0.2817489986087866,0.3410242101843291,0.36092910277285484,0.40955820782812613,0.45564030672306216,0.5113481105908566,0.5042459964565187,0.4763483464293006,0.5660006257595651,0.5723263217703729,0.5441716496645996,0.5877689594339486,0.5049394933668114,0.5122922676236387,0.46307346081574574,0.43969139620589914,0.35634652962879354,0.4101287230476047,0.2751392934983115,0.2522021780451908,0.21966444646952474,0.22864680697046033,0.13507743190766003,0.14445733517110934,0.13269541540304716,0.11400148627002271,0.10046108109134362,0.047229472046907105,0.0,0.0,0.0019785204657709037,0.0,0.0,0.0,0.0,0.0,0.0,0.0,0.0,0.0,0.0,0.0,0.0,0.0,0.0
0.0,0.0,0.0,0.0,0.0,0.0,0.0,0.0,0.0,0.0,0.0,0.0,0.0,0.0,0.0,0.0,0.0,0.0,0.0,0.0,0.0,0.0,0.0,0.0,0.0,0.0,0.0,0.0,0.0,0.02131138014830425,0.0,0.10352086121433635,0.09469422006427314,0.12796414107726845,0.20259413080918806,0.2750543613598082,0.34494818873033817,0.3040397600507213,0.48010202937366575,0.4948872574689781,0.5519457670342615,0.5105829520648638,0.4887585890956268,0.5543875522813014,0.5971714210471202,0.6068441144761787,0.5944051757306036,0.620029648949589,0.6445707311268437,0.6881055893007764,0.6439187476063629,0.7046879913221771,0.6168410095552289,0.8069434124127277,0.7813346750349994,0.7628805884849562,0.676505153883448,0.7119625879158658,0.6726767544452599,0.6967624159112772,0.6318482464600851,0.6224993695094635,0.575873064869109,0.49938256673838655,0.5461780397887268,0.47959759251656003,0.46063443120704656,0.4303079777035646,0.4170661289134406,0.33345153994163845,0.35744184179108945,0.24377025757605236,0.10616881514614909,0.2583632896701939,0.08136261907244491,0.12571277384664498,0.07512670815864429,0.1059362893652534,0.04668465774430941,0.023152370101148914,0.003942197047167563,0.0,0.0,0.0,0.0,0.0,0.0,0.0,0.0,0.0,0.0,0.0,0.0,0.0,0.0,0.0
0.0,0.0,0.0,0.0,0.0,0.0,0.0,0.0,0.0,0.0,0.0,0.0,0.0,0.0,0.0,0.0,0.0,0.0,0.0,0.0,0.0,0.0,0.0,0.0,0.0,0.0,0.0,0.0,0.0,0.0,0.03275690994663496,0.08951406210481228,0.12991823402883093,0.09750268835420622,0.15994766373676247,0.14247102972474024,0.2902162261115933,0.45455394024118334,0.4488790886892169,0.5157490931820532,0.547798291390426,0.6356363055512361,0.6405480109571701,0.6093498197896913,0.7096075490564999,0.7864932193250532,0.826148087323067,0.8305019390012864,0.9166707641047285,0.9203200073013846,0.9320988116857684,0.8797772251627288,0.9467844656719837,0.7651300383490683,0.8782688200263062,0.8814359484257352,0.7831929288807028,0.7809553958401609,0.7053704122490317,0.6085423965323612,0.602143577650358,0.5207640187482205,0.5910079043193128,0.6344898298610353,0.4923044216924055,0.5911646209019183,0.39988659518072567,0.43483046280057736,0.49475431250695856,0.41369256750757405,0.35995527232695934,0.2934920481578481,0.24181895533669276,0.18286245183963748,0.14012164112561815,0.10068722002340087,0.0,0.10158463685614802,0.06417578093896985,0.04169989681675129,0.026244326048838047,0.0,0.0,0.0,0.0,0.0,0.0,0.0,0.0,0.0,0.0,0.0,0.0,0.0,0.0,0.0
0.0,0.0,0.0,0.0,0.0,0.0,0.0,0.0,0.0,0.0,0.0,0.0,0.0,0.0,0.0,0.0,0.0,0.0,0.0,0.0,0.0,0.0,0.0,0.0,0.0,0.0,0.0,0.0,0.0,0.021703788713167124,0.026365224789226538,0.052786134312404434,0.13815029509891266,0.1851465370252797,0.12690235828395974,0.16828075779811041,0.14283081245100107,0.12530603951311373,0.1594443763556384,0.19664055453423612,0.18030712262970927,0.18243392592551488,0.3490174035672056,0.3221264565658579,0.3130822123678464,0.3680574576371063,0.34990526363072677,0.29560516547952453,0.22945781837704987,0.3070003503375617,0.35720800732778224,0.3740699975467015,0.37908829714440845,0.3939677732853052,0.5745707268252308,0.5627481499954429,0.5298209483060203,0.6748706417039694,0.6163956732713327,0.5995651346981943,0.5729360198774274,0.6602721884356285,0.5501341063715159,0.5023652753625949,0.5414556394879619,0.4101268808798243,0.42660369517697777,0.3906539730238936,0.3496745270714152,0.28300991010259974,0.29399753977721216,0.25647870698713254,0.15714635268286292,0.08699080797342534,0.12607076456436414,0.005461160655932079,0.09732366756998727,0.0,0.0,0.02393703802312985,0.0,0.0,0.0,0.0,0.0,0.0,0.0,0.0,0.0,0.0,0.0,0.0,0.0,0.0,0.0,0.0
0.0,0.0,0.0,0.0,0.0,0.0,0.0,0.0,0.0,0.0,0.0,0.0,0.0,0.0,0.0,0.0,0.0,0.0,0.0,0.0,0.0,0.0,0.0,0.0,0.0,0.0,0.0,0.0,0.0,0.0018409160555602714,0.0,0.018275283677098825,0.041593491508318814,0.010800348568819743,0.041830815224850576,0.026113230816485908,0.02931982261738525,0.1328373405582648,0.14234729233978902,0.11617034324343435,0.19158139091166138,0.11671122002622686,0.2769134253074559,0.31023111697042866,0.3003301705733746,0.44808175458400223,0.5018419313352366,0.5320532906092427,0.5455829263717774,0.6417726855071875,0.6463621299205963,0.6313896328785334,0.6227148910801135,0.5580802410797283,0.5967753306444891,0.6393422685847001,0.6619478991537474,0.5400835568855011,0.4892734859193425,0.5909702653171701,0.49959346069083155,0.5298119788982976,0.4814543766912198,0.47579938615677997,0.4962226826107087,0.3859817152454352,0.40195452834233014,0.3865705334522449,0.3546278303869249,0.34672084114820806,0.26657176075588224,0.3171322182377758,0.25193374275670033,0.23531680845809338,0.19649700726365726,0.18707254405728133,0.1488539961409718,0.06278851616628034,0.08723457017519262,0.05802600722524065,0.0,0.0,0.0,0.0,0.0,0.0,0.0,0.0,0.0,0.0,0.0,0.0,0.0,0.0,0.0,0.0
0.0,0.0,0.0,0.0,0.0,0.0,0.0,0.0,0.0,0.0,0.0,0.0,0.0,0.0,0.0,0.0,0.0,0.0,0.0,0.0,0.0,0.0,0.0,0.0,0.0,0.0,0.0,0.0,0.014349527779880494,0.04767231103270338,0.06944966922120384,0.020972938745078162,0.13535695809990206,0.23413400808048598,0.24226785902789275,0.19205432378261528,0.18785363723591506,0.43983805295434164,0.44526255398721415,0.5680793595278653,0.57523988282196,0.6930853814568073,0.7266360810939037,0.7620327678035741,0.7729428699613047,0.7760707897212361,0.7560891322507581,0.8161506475860465,0.8274725255267247,0.7873420407871196,0.7971795552673606,0.962343681959531,0.9457717253920598,0.9216894509584396,0.8420172652286378,0.8017416368547636,0.7766064007048321,0.8311961703269117,0.8167565783355686,0.71261520068038,0.8399329098879339,0.5943876257660289,0.6974785560252089,0.7003005338219821,0.6745719115457327,0.6291206160542757,0.6537979180652388,0.5653426069417622,0.48713450603141806,0.41293248127581456,0.41142984516038683,0.2308350344234457,0.31157632995026985,0.21636709541854504,0.18772937525809924,0.1576922438707253,0.09450144087368237,0.10936793175335835,0.0,0.013270845958834036,0.0,0.0,0.0038810764221791274,0.0,0.0,0.0,0.0,0.0,0.0,0.0,0.0,0.0,0.0,0.0,0.0,0.0
0.0,0.0,0.0,0.0,0.0,0.0,0.0,0.0,0.0,0.0,0.0,0.0,0.0,0.0,0.0,0.0,0.0,0.0,0.0,0.0,0.0,0.0,0.0,0.0,0.0,0.0,0.0,0.0,0.0,0.0,0.06441657874528073,0.025634569980518274,0.029041262296709613,0.22656926836554003,0.24803384016815705,0.2769905689742922,0.4232346901432848,0.46541254976130025,0.44738883494025183,0.4896466694934199,0.39803330378095836,0.6597473819802452,0.6299998979264956,0.674680082533865,0.7788777566619082,0.7836148207288539,0.8006539155794481,0.7892547752105636,0.880855519332824,0.8595625293673721,0.7283999068748077,0.8214806052705509,0.9413626934539526,0.8306502850159111,0.8152900108970202,0.8985756118975889,0.8838017329383085,0.8125385740006179,0.7182040901619391,0.8277527738943885,0.7981059339745428,0.8670488852055921,0.843083873445841,0.7488356171199261,0.7347311524267113,0.6526026587226941,0.6618237108057661,0.624872478695879,0.5631009412665572,0.4661994830634105,0.42989141865450126,0.15115472429790777,0.3280092477715274,0.2802886151708597,0.15578347062881148,0.0,0.04876342544029551,0.04498927583085372,0.0021467583667874185,0.0,0.0,0.0,0.0,0.0,0.0,0.0,0.0,0.0,0.0,0.0,0.0,0.0,0.0,0.0,0.0,0.0
0.0,0.0,0.0,0.0,0.0,0.0,0.0,0.0,0.0,0.0,0.0,0.0,0.0,0.0,0.0,0.0,0.0,0.0,0.0,0.0,0.0,0.0,0.0,0.0,0.0,0.0,0.0,0.0,0.007542241931592052,0.03149807422378711,0.046932542458620344,0.06640668607665715,0.06559462980198308,0.05533526426088423,0.09255183171895079,0.16196409543195714,0.19728417269263027,0.18313055037325596,0.22973123965071113,0.2644169438758757,0.2967458584190967,0.3340752682825986,0.3033897255246244,0.3344002290698175,0.34420130919948067,0.3230215365063517,0.33212365075483613,0.3039644185905099,0.23825983819009458,0.20066191857354818,0.2699144655488929,0.2641906489168135,0.2395880880211106,0.23782468808724366,0.23678272307423806,0.2842223061196226,0.2695352548918985,0.3218989066766803,0.383874284737603,0.40983002573074434,0.38449813052153226,0.37568054706478715,0.29784756510656907,0.4047615978599212,0.39133230585817663,0.3413633640875059,0.3575312421238929,0.3309857000876673,0.27466839526681514,0.2553963237125202,0.25474746565236756,0.14190064479391895,0.21009250098256277,0.21715370058616534,0.2039110831064064,0.17657177902631788,0.14798217984091697,0.10310434846864497,0.02687742430352169,0.04123307152049446,0.03020683453559594,0.0,0.0,0.0,0.0,0.0,0.0,0.0,0.0,0.0,0.0,0.0,0.0,0.0,0.0,0.0
0.0,0.0,0.0,0.0,0.0,0.0,0.0,0.0,0.0,0.0,0.0,0.0,0.0,0.0,0.0,0.0,0.0,0.0,0.0,0.0,0.0,0.0,0.0,0.0,0.0,0.0,0.0,0.0,0.006655981423522077,0.058405297121852794,0.08071128033526845,0.15775917592628225,0.1740126875156449,0.24254759800379394,0.22082292533482406,0.1858300894569058,0.21334277741825458,0.3441802346798512,0.2720803910736635,0.31362112309911877,0.43689783646676766,0.45847992980516394,0.4908722721290768,0.4859893003418742,0.6157317826854889,0.6868460679423664,0.5384886986898995,0.6219063893994491,0.5565847978907783,0.6822113699179456,0.6674528805927333,0.6398094404889736,0.5123471995703613,0.6070285716735333,0.5905221048840475,0.5688715021164699,0.5795521831909891,0.4592237965667024,0.5070384876247942,0.437496354959262,0.45595930993168593,0.4169546631163554,0.34308941691465894,0.42203920623349245,0.37638940333341137,0.3534782159297365,0.31628402824507523,0.14530260347610469,0.2864779029543118,0.26528617612546634,0.22174919124439527,0.20937624547499797,0.16243479722226958,0.12010771809880827,0.0619317268576601,0.07607443039564768,0.045766497165160354,0.03989808619148121,0.012424484896461654,0.0,0.019072162600978253,0.0,0.0,0.0,0.0,0.0,0.0,0.0,0.0,0.0,0.0,0.0,0.0,0.0,0.0,0.0
0.0,0.0,0.0,0.0,0.0,0.0,0.0,0.0,0.0,0.0,0.0,0.0,0.0,0.0,0.0,0.0,0.0,0.0,0.0,0.0,0.0,0.0,0.0,0.0,0.0,0.0,0.0,0.0,0.025933761785426473,0.031494092712425675,0.066969751152263,0.12033319279871042,0.12309434234859987,0.20213410764351925,0.20073093968010391,0.25861675572832205,0.25758161955644204,0.3189870116884313,0.3086673896087474,0.3980775859623802,0.4406480888561944,0.46459981013116364,0.4641337968078829,0.4036235065767987,0.5353054478175946,0.5597871215517838,0.5721076327584879,0.539233411648224,0.42487366086848705,0.5584508558992479,0.5508680671148143,0.5252656554554592,0.5488453444033986,0.49065841634557655,0.5945412712777332,0.5303921971300503,0.6353369285327108,0.6211387258903296,0.5131535035436372,0.6022059608900235,0.5703803917161154,0.6226285393624669,0.5895803038180525,0.48414552713437997,0.4230423267674937,0.450225321918258,0.412990445886362,0.33208106491861017,0.42325610003824893,0.3345648032314769,0.28218155199792555,0.2734958498782732,0.2221199117785306,0.19814078622201356,0.07065060762579495,0.17891343599518897,0.04864461391631551,0.07934042266182512,0.0,0.0604008840878177,0.0,0.0,0.0,0.0,0.0,0.0,0.0,0.0,0.0,0.0,0.0,0.0,0.0,0.0,0.0,0.0
0.0,0.0,0.0,0.0,0.0,0.0,0.0,0.0,0.0,0.0,0.0,0.0,0.0,0.0,0.0,0.0,0.0,0.0,0.0,0.0,0.0,0.0,0.0,0.0,0.0,0.0,0.0,0.0,0.0,0.02377802684307656,0.11950074120069218,0.12532173492589344,0.05462757589799097,0.10498396881796329,0.17943220521015177,0.3096775253386757,0.3729799172344412,0.3961658621548535,0.5034027569432187,0.44816696915574794,0.6126410212001574,0.5594769742595274,0.7264403978909902,0.563378343080039,0.683547804229788,0.7620464945016743,0.8660817001907195,0.8644415868264258,0.7758191224019448,0.8437311104335204,0.9242695631544497,0.7834380237125282,0.9263883712474055,0.8549482370696339,0.8475926689064888,0.8973262449625031,0.7604965383651695,0.8969392006589838,0.6771591325110109,0.6045671469629177,0.8157462570173278,0.8061196286145753,0.6913717342659065,0.7441004986611803,0.6695983354814398,0.6543147607266246,0.54850568532121,0.4640825075414071,0.46025262958982516,0.44934176651018426,0.36703842181377216,0.41169224927308745,0.35362939361151674,0.26490574202456757,0.20562809513038266,0.1558171461858619,0.06344143070199215,0.13561471058604638,0.07738113000469377,0.0,0.033246029978119734,0.0,0.0,0.0,0.0,0.0,0.0,0.0,0.0,0.0,0.0,0.0,0.0,0.0,0.0,0.0
0.0,0.0,0.0,0.0,0.0,0.0,0.0,0.0,0.0,0.0,0.0,0.0,0.0,0.0,0.0,0.0,0.0,0.0,0.0,0.0,0.0,0.0,0.0,0.0,0.0,0.0,0.0,0.0,0.03266120479295334,0.04051306227315079,0.09840239596651294,0.047681635978557776,0.17107274226925928,0.11886602697700557,0.2461948953584581,0.32154550724272823,0.37785151294665215,0.4788630337250482,0.40798965158249545,0.5960458657254084,0.49857488379650944,0.5332183120871974,0.6989693174034615,0.769420480896505,0.8019505421028834,0.7430445666194686,0.7594522850350564,0.8311439587175494,0.8400429639124177,0.8488828031049505,0.8626433107207595,0.886036998220235,0.8127721511220358,0.7678770853390441,0.8155729484492583,0.8152150066354389,0.800978681950059,0.7923561651339507,0.6441996879886699,0.7277045765549065,0.5892845210653963,0.6412270962525188,0.598083649641088,0.6103987878354634,0.5550430255731488,0.4828870942979251,0.4686447613114497,0.41029999286942964,0.39104008473062163,0.29262424356969796,0.2813419661373968,0.2561428130602311,0.11102179392963848,0.20986435591798933,0.11417270885952452,0.1337636722741113,0.0858950964920636,0.004827029621928117,0.0,0.0,0.0,0.0,0.0,0.0,0.0,0.0,0.0,0.0,0.0,0.0,0.0,0.0,0.0,0.0,0.0,0.0
0.0,0.0,0.0,0.0,0.0,0.0,0.0,0.0,0.0,0.0,0.0,0.0,0.0,0.0,0.0,0.0,0.0,0.0,0.0,0.0,0.0,0.0,0.0,0.0,0.0,0.0,0.0,0.0,0.022391073104880237,0.0,0.05539507516598767,0.10699306469863212,0.08952285818834836,0.01729388675757626,0.2484843872289824,0.30512039624818177,0.2610403454009194,0.3866524933080147,0.4160437035937595,0.5537557709258386,0.5445222495438047,0.6550205778935123,0.6396005717483034,0.6379752290953878,0.6596012859561773,0.7957781937348338,0.7708586525724935,0.8648284100415728,0.8341199313282284,0.8444969714235931,0.8342494728657328,0.894239028427516,0.759658045662732,0.8388520742480323,0.8832687677478142,0.9108072943089395,0.7723950075497442,0.8130397962627152,0.8844445043173889,0.8694618582365993,0.8591369318843377,0.7321103780515175,0.7080663714088533,0.5825130381617524,0.6400819191732868,0.6543599543013219,0.485570319988031,0.4991896898776994,0.40675800059617906,0.4401357410086435,0.3910721765808593,0.2714506554066479,0.20625760441251834,0.2659125713768907,0.19422927400963488,0.18660495685778436,0.13431180152410555,0.054580028731449654,0.07623485736884618,0.004226777700765856,0.0,0.0,0.0,0.0,0.0,0.0,0.0,0.0,0.0,0.0,0.0,0.0,0.0,0.0,0.0,0.0
0.0,0.0,0.0,0.0,0.0,0.0,0.0,0.0,0.0,0.0,0.0,0.0,0.0,0.0,0.0,0.0,0.0,0.0,0.0,0.0,0.0,0.0,0.0,0.0,0.0,0.0,0.0,0.0,0.0,0.0,0.0,0.0720618381458078,0.0,0.07352209671971464,0.11492576030178686,0.07887183052546601,0.15857805107199865,0.17785814111427511,0.14299089858547243,0.2172487636156502,0.22674566755208686,0.24541161024909447,0.3729530206898926,0.4584299812880422,0.43626526941194305,0.3911994902079986,0.5194444916544853,0.5246383224748504,0.5370139301771202,0.5862957122158248,0.6014095744906551,0.5154378039024238,0.5909217035909362,0.6267359093414915,0.618133949303863,0.5867137774596115,0.47311984797850515,0.47383974394265366,0.34886023822586126,0.3993853692591624,0.3001332323118656,0.2679169348722037,0.23948200650182164,0.27379379382730834,0.24128800245345935,0.17231208880129018,0.12070330264010959,0.23499925174486747,0.15425571053634235,0.21341983037976237,0.21498787622647816,0.1865336709309778,0.10655013004419016,0.12233844744832857,0.10482927875922904,0.06038036078018477,0.06077858201650299,0.058157729574404474,0.054383346775145225,0.044090777042107385,0.0,0.0,0.0026985513589281966,0.0,0.0,0.0,0.0,0.0,0.0,0.0,0.0,0.0,0.0,0.0,0.0,0.0
0.0,0.0,0.0,0.0,0.0,0.0,0.0,0.0,0.0,0.0,0.0,0.0,0.0,0.0,0.0,0.0,0.0,0.0,0.0,0.0,0.0,0.0,0.0,0.0,0.0,0.0,0.0,0.0022288575681177307,0.0,0.004966964578640327,0.0,0.05717846022026657,0.0,0.09218021186540185,0.05004852221262815,0.05631197400998715,0.14092003707641032,0.12712187608425574,0.0,0.14801987561808377,0.17204522066649952,0.293637148126858,0.2880155233002737,0.4104391016948234,0.4625536297824504,0.49224325466621,0.7053132815913419,0.7797150101333529,0.7481695236319836,0.8511331010147584,0.8264939323776239,0.8829853617562127,0.8983784346049167,0.9238620724773201,0.7809504209208018,0.832880528654201,0.7106282200582588,0.7500226109658895,0.8333371154488742,0.8305305535115816,0.7269545141520459,0.762608333368683,0.6526293461723718,0.7088227794351047,0.6613234367463343,0.6813672666021794,0.653156057038588,0.6081653018425519,0.4717640743733432,0.4167278348798718,0.4529818085993307,0.36249456726219675,0.31088570159385853,0.29491712987876995,0.28151311487709213,0.15359267989458425,0.15015820789572085,0.10274716909187426,0.03601474478645217,0.0,0.0,0.0,0.0,0.0,0.0,0.0,0.0,0.0,0.0,0.0,0.0,0.0,0.0,0.0,0.0,0.0
0.0,0.0,0.0,0.0,0.0,0.0,0.0,0.0,0.0,0.0,0.0,0.0,0.0,0.0,0.0,0.0,0.0,0.0,0.0,0.0,0.0,0.0,0.0,0.0,0.0,0.0,0.0,0.02429313134035685,0.0,0.028878614965002145,0.015597682665500143,0.09856630052223274,0.06673779949521515,0.14837139018713158,0.1953916023903855,0.17805087682507884,0.19444189009029822,0.3008834097203141,0.3364226927572574,0.42773956531772533,0.4784843833874248,0.5095800060500677,0.5974242206531906,0.6373746613152947,0.6241758140612106,0.524566279821129,0.6284744271604972,0.6399189529632471,0.5763450332043887,0.6866788054745948,0.656224401269715,0.6118513158685164,0.660486228189066,0.6558956717558128,0.7506620889298826,0.7399370840433935,0.7547660284263372,0.7302501800624881,0.5737925585021688,0.5772020800993526,0.4676713811308905,0.5610526810278459,0.44517267605283345,0.3373913905787214,0.36742522582826187,0.391529038902651,0.289301968135297,0.2525400124897651,0.21812324249108017,0.2350895263861561,0.25063270290322065,0.2815094190798001,0.23763317952320206,0.16031968732079221,0.030044518651113822,0.13212550169214413,0.03982425745580817,0.0,0.04096828578025078,0.0,0.0,0.0,0.006360869870275359,0.003224951537028769,0.0,0.0,0.0,0.0,0.0,0.0,0.0,0.0,0.0,0.0,0.0,0.0
0.0,0.0,0.0,0.0,0.0,0.0,0.0,0.0,0.0,0.0,0.0,0.0,0.0,0.0,0.0,0.0,0.0,0.0,0.0,0.0,0.0,0.0,0.0,0.0,0.0,0.0,0.0,0.015493062883393305,0.0,0.0,0.02045110252802551,0.03925595111067465,0.028159870788318636,0.1314571660912712,0.16558856078321074,0.13570924133310824,0.05499387104772385,0.19995612951566405,0.255173616691295,0.23965060060466148,0.3885615153855934,0.4727803388096947,0.587387124067897,0.6219532154506056,0.716765997286826,0.7597400583735051,0.8421507970005238,0.8529950541817503,0.8194835445434399,0.8840399248704907,0.9359534304548897,0.9445913087638447,0.9386008343103919,0.8758444505336824,0.868994859226024,0.8082304750332656,0.8550856150423136,0.953900299116563,0.8664032683136123,0.7502302943117807,0.9111675933909475,0.784301839647298,0.8055748907460243,0.7338119875703933,0.7709661422711729,0.739751681371012,0.6941943857503666,0.595310670711211,0.6291708663318496,0.4452595865135148,0.44592947956355583,0.26874324233680796,0.3382693046755341,0.2903306795303854,0.2628316000868643,0.12533226905867953,0.08967062680932289,0.08524035988774371,0.02989840842209969,0.07924489319691135,0.01433290075740544,0.0,0.0004916896557198049,0.0,0.0,0.0,0.0,0.0,0.0,0.0,0.0,0.0,0.0,0.0,0.0,0.0
0.0,0.0,0.0,0.0,0.0,0.0,0.0,0.0,0.0,0.0,0.0,0.0,0.0,0.0,0.0,0.0,0.0,0.0,0.0,0.0,0.0,0.0,0.0,0.0,0.0,0.0,0.017854919631119227,0.0,0.07269415273219847,0.07982311399211667,0.13326336600651986,0.0952065506034464,0.19499103050038313,0.2773638051664705,0.3371107982584861,0.2819718751262329,0.4062167364256594,0.48299211875862996,0.38022962422298406,0.545983408120907,0.48925439542908156,0.5872864217041315,0.6525028661916373,0.7314388235683301,0.7278984024742844,0.7618255081547481,0.7730195309862365,0.8348981441339998,0.7640569724003826,0.8347598794572424,0.8567859409906817,0.8913701613844571,0.8777878799119474,0.8897659865139038,0.8876952784513775,0.9057943920391597,0.8565488348122867,0.8279172828201891,0.8549022008013569,0.7653608295533607,0.6734223648541775,0.786730191703954,0.7903049505054013,0.7256881430307931,0.5288461464018062,0.6963780594514015,0.6043143632564112,0.6203541021523366,0.39887851992775125,0.45175528804027293,0.3769846272485128,0.33142942706240885,0.34838370863724105,0.2660589533463341,0.19627201805131103,0.1574082964103704,0.10699608582912491,0.14998150536260443,0.051310547722752266,0.06185302680870369,0.0,0.0,0.009830917964137542,0.0,0.0,0.0,0.0,0.0,0.0,0.0,0.0,0.0,0.0,0.0,0.0,0.0
0.0,0.0,0.0,0.0,0.0,0.0,0.0,0.0,0.0,0.0,0.0,0.0,0.0,0.0,0.0,0.0,0.0,0.0,0.0,0.0,0.0,0.0,0.0,0.0,0.0,0.0,0.0072212577866143345,0.005616536569598485,0.056843146869569566,0.0702635788787092,0.08984574961829161,0.15284586847454343,0.13500401440821141,0.12159655331313521,0.07468130986044191,0.18661327302034342,0.1260804693535302,0.26619860065467205,0.31382155183638616,0.327586572345753,0.28184050413292694,0.1795744492889075,0.3313586706556474,0.20075936569614058,0.3322365203120683,0.36836843932825797,0.5413576533395695,0.472926355781633,0.6188403980734564,0.6682379213458914,0.6956739707297357,0.6717591151764447,0.7541881440322005,0.7140320549910745,0.736112730875976,0.5977157915319566,0.5999320935339223,0.49870641209358074,0.5062275372085142,0.453917460849487,0.3762921964603975,0.42345984061697206,0.4013721401980208,0.3843250381091049,0.38870070235426507,0.40177567908194745,0.3727097682412385,0.40624576509625315,0.36691891388192566,0.2971591840505818,0.2398262501385802,0.11037535652683543,0.11184126893179622,0.08461299255978341,0.0667369624235975,0.068174229706986,0.019564344394622055,0.010626373348454031,0.0,0.0,0.0199219026137819,0.0,0.0,0.0,0.0,0.0,0.0,0.0,0.0,0.0,0.0,0.0,0.0,0.0,0.0,0.0
0.0,0.0,0.0,0.0,0.0,0.0,0.0,0.0,0.0,0.0,0.0,0.0,0.0,0.0,0.0,0.0,0.0,0.0,0.0,0.0,0.0,0.0,0.0,0.0,0.0,0.0,0.0,0.0,0.07264611013201044,0.08808288912889024,0.13524403100683488,0.15661355599786264,0.13459643725746945,0.22608634808429606,0.24624505360712567,0.34757451146361285,0.4107138874023507,0.4836160787428044,0.5209328974246558,0.5607993008250458,0.6629838833208767,0.6800589233327123,0.7154147660494067,0.7726904156674193,0.7537904252034165,0.814915662888495,0.8483529157669408,0.886430720980035,0.8314439347807028,0.7393522723209913,0.913063700288953,0.7554398948349047,0.8942307190732023,0.9643108161567722,0.8654911257747424,0.8854271276015645,0.9077425979641485,0.9186667779819413,0.8774687696410586,0.8218057048049714,0.8855911320463644,0.8448064371567481,0.6683449731984192,0.774582381071075,0.6325032714341011,0.6747458029831657,0.5003618015544318,0.5832338126389672,0.4454985148888158,0.4494437632395818,0.2602717872012005,0.31872503428683235,0.3177220448379473,0.23093104586565724,0.16209796247420794,0.21955077037712378,0.1466715580790104,0.10962607587289022,0.07471537666467959,0.03646487799334549,0.04485182565013676,0.0,0.002147807917022555,0.0,0.0,0.0,0.0,0.0,0.0,0.0,0.0,0.0,0.0,0.0,0.0,0.0
0.0,0.0,0.0,0.0,0.0,0.0,0.0,0.0,0.0,0.0,0.0,0.0,0.0,0.0,0.0,0.0,0.0,0.0,0.0,0.0,0.0,0.0,0.0,0.0,0.0,0.0,0.0,0.02268618005442558,0.07342529904042369,0.049577675308875795,0.1168759167751115,0.07626277021921149,0.12902117571999805,0.18078772181399988,0.2834023386824937,0.24562707119673827,0.3698720794623375,0.3069176373513355,0.43325888747097785,0.4191483460126501,0.4647402239861145,0.5317667237873468,0.47237593436160297,0.42430028354942984,0.4926861079370368,0.5919040179524667,0.5864851876158086,0.7053781725834071,0.4887084357275403,0.7230573473140081,0.6846764371885371,0.772228925159763,0.7533146979367087,0.7465812635073977,0.6330831830227079,0.7384932648648677,0.5814717521171979,0.6182525413972776,0.597252599924548,0.6546015148122935,0.5766119073217775,0.6421564142432655,0.5639182343791858,0.5638802555407653,0.3355008814890255,0.39345701408242795,0.30398908147125514,0.356907629598451,0.3268249499601136,0.28132338319721917,0.2479325864256425,0.21901682250749416,0.30705959165567565,0.18418106314710941,0.023444393238956585,0.18933057735919373,0.16321409657501218,0.11340165485907852,0.03601113260608048,0.10226135574223817,0.0,0.0,0.0,0.0,0.0,0.0,0.0,0.0,0.0,0.0,0.0,0.0,0.0,0.0,0.0,0.0
0.0,0.0,0.0,0.0,0.0,0.0,0.0,0.0,0.0,0.0,0.0,0.0,0.0,0.0,0.0,0.0,0.0,0.0,0.0,0.0,0.0,0.0,0.0,0.0,0.0,0.0,0.027373890904480593,0.0,0.0,0.03698799107745837,0.1294958555427114,0.08819896653430366,0.1061672704852169,0.18125835961080256,0.2579539758054467,0.2039507543118077,0.32079671707019225,0.3937640344062051,0.45035374377133225,0.4909585554461074,0.5943946028062113,0.5857623072296364,0.7203888705474983,0.7495154974239315,0.7359549915993415,0.6837119995135078,0.5922854276787046,0.5487460277771777,0.5920163895535453,0.4556480525954743,0.5811443209940611,0.6288865177457932,0.6160130946892934,0.5870931596064678,0.6876035748782096,0.6841013684432469,0.7151429767873037,0.7531888055401352,0.812207370218866,0.7549293911163043,0.6898514547463177,0.7349535235929147,0.7285789697109737,0.7174571033498001,0.5520677786554063,0.6718913941527103,0.6438131169210786,0.5897875687483732,0.579119777010333,0.5409755780462683,0.39403438148299236,0.3556376931773513,0.3592815735637519,0.33342596710808453,0.1861443351520229,0.23931756730243178,0.1831068989552034,0.11751604228164003,0.0004338294704819279,0.05909264501431165,0.022676517119108272,0.0,0.0,0.0,0.0,0.0,0.0,0.0,0.0,0.0,0.0,0.0,0.0,0.0,0.0,0.0
0.0,0.0,0.0,0.0,0.0,0.0,0.0,0.0,0.0,0.0,0.0,0.0,0.0,0.0,0.0,0.0,0.0,0.0,0.0,0.0,0.0,0.0,0.0,0.0,0.0,0.0,0.0,0.0,0.021799014653177018,0.08979596728417305,0.05944747261958162,0.20453960323367876,0.0,0.30730141268277517,0.20765029673262977,0.30097939145043995,0.45362724051077663,0.5042447284338997,0.5809940305876949,0.5248620360122238,0.6544636878401826,0.7272344737894665,0.6777510235551841,0.6913308613578124,0.8003573081292958,0.8254643828956217,0.8103550369204177,0.8679714271944894,0.770049064056612,0.7694621060225241,0.7550752447915331,0.8164661046830839,0.8412632283322903,0.8130887496694178,0.8206809198321855,0.9171039704518699,0.8670974475525279,0.9077810362092964,0.8826577156755984,0.8005243510411596,0.7580362208532448,0.7241463535510981,0.7550603422641892,0.7648181256807329,0.6245354817215533,0.7270254776305779,0.6392602692039316,0.4496626214582042,0.47772531222074943,0.4840019220831323,0.4194990180253016,0.3337106289914361,0.4055724913424243,0.3549884710761086,0.2764781027954673,0.2340608541181468,0.060238061418487476,0.1159386878587444,0.0,0.06596405740976691,0.04606882079804857,0.0,0.0035116298433550616,0.0,0.0,0.0,0.0,0.0,0.0,0.0,0.0,0.0,0.0,0.0,0.0,0.0
0.0,0.0,0.0,0.0,0.0,0.0,0.0,0.0,0.0,0.0,0.0,0.0,0.0,0.0,0.0,0.0,0.0,0.0,0.0,0.0,0.0,0.0,0.0,0.0,0.0,0.013505238649469602,0.04521714484731782,0.02603870905645212,0.07756033527852996,0.0,0.0,0.11945802451380876,0.23181882188966135,0.2829520380626139,0.3143912996857782,0.3561378402506871,0.1438008828937279,0.33922048019233053,0.4723350442646069,0.5623474292077113,0.569805719930437,0.6744224626144781,0.6140273087759143,0.7765847971107486,0.816111206286182,0.836095447071018,0.8253956271671712,0.8532890491099686,0.8050838720466106,0.8269706963597141,0.8134107617752796,0.7514640851889474,0.8625810806070453,0.9155065255606978,0.8531622795416068,0.8027224680000908,0.8728375268461787,0.8410531796903923,0.8793178737625883,0.7508298726233258,0.7997927171460882,0.7864141300844875,0.7670213450509695,0.5771100479015258,0.617790835895695,0.6378614440685599,0.5777042955792062,0.49321526302421725,0.364152963739103,0.46066410605745195,0.3937873730018354,0.4038488526913989,0.25979631080356175,0.29420027302949747,0.28757834637261886,0.23842082159958178,0.2158900421838884,0.15315193995263884,0.11728015795135227,0.028331834607047135,0.0,0.0,0.0,0.0,0.0,0.0,0.0,0.0,0.0,0.0,0.0,0.0,0.0,0.0,0.0,0.0
0.0,0.0,0.0,0.0,0.0,0.0,0.0,0.0,0.0,0.0,0.0,0.0,0.0,0.0,0.0,0.0,0.0,0.0,0.0,0.0,0.0,0.0,0.0,0.0,0.0,0.0,0.009278617020785005,0.0,0.0,0.0,0.008512373323905427,0.08755416359892856,0.09754083266239855,0.10660882347060852,0.17587935159849047,0.16146799639501624,0.2297137280638509,0.4323243633636701,0.48493685109536716,0.49845942803909815,0.5889830852073016,0.6256142693567135,0.5778671565057799,0.5941865467360196,0.517567204235516,0.5852905465124792,0.5729745638224117,0.5001577040855755,0.4439936435446364,0.3871597680022977,0.3323706327374526,0.2709499460890252,0.15213344306056378,0.2490021381321506,0.32524061962508244,0.22768459885876988,0.309654114790461,0.30393349528972796,0.2583822679881943,0.24873228670322256,0.2587977048873214,0.30085654923753974,0.19613250661258272,0.14820287911791602,0.2701749379765463,0.2423854630875178,0.26894626300940894,0.3058574185140866,0.3055838654049287,0.3751761086165593,0.4164241250323853,0.35577528252268753,0.3282475250923648,0.2933739265364788,0.20908632125303114,0.2087024242818637,0.14438749614752236,0.14763191472079906,0.10468105205631392,0.031115146902280205,0.0,0.02270299613724333,0.0,0.0,0.0,0.0,0.0,0.0,0.0,0.0,0.0,0.0,0.0,0.0,0.0,0.0
0.0,0.0,0.0,0.0,0.0,0.0,0.0,0.0,0.0,0.0,0.0,0.0,0.0,0.0,0.0,0.0,0.0,0.0,0.0,0.0,0.0,0.0,0.0,0.0,0.0,0.0,0.0,0.0,0.011757985866352787,0.02214255150843248,0.025746269444188508,0.06473943790790883,0.07103324283606387,0.07238993447129319,0.0,0.013203872083630941,0.08280002027359536,0.03847203510338898,0.08900833116513242,0.10594948071534233,0.14935382808280664,0.16598651794266034,0.2130076726699346,0.15323282297161317,0.2601594348291305,0.3954168032960251,0.5315786871978987,0.5964582065464721,0.6131092818523562,0.7243896005663798,0.7150966023396266,0.6449783031087425,0.7511189762904269,0.6463473044798278,0.7933244616961591,0.807088906797227,0.8005932900933662,0.6628246467656173,0.6648217305600999,0.6089727179195286,0.6206380768278128,0.40816297241904986,0.4887020244381042,0.4334583364369589,0.5205108846328065,0.39239370777870036,0.3738708657062295,0.29391342135866,0.30471995348659975,0.1699920920521953,0.30386692256282916,0.2854084199861879,0.2848647989537959,0.2516380191831312,0.19377627249753993,0.1393353249622198,0.20170263881656597,0.0,0.04558379419176821,0.0827395342332145,0.02829915253951936,0.0,0.0,0.0,0.0,0.0,0.0,0.0,0.0,0.0,0.0,0.0,0.0,0.0,0.0,0.0
0.0,0.0,0.0,0.0,0.0,0.0,0.0,0.0,0.0,0.0,0.0,0.0,0.0,0.0,0.0,0.0,0.0,0.0,0.0,0.0,0.0,0.0,0.0,0.0,0.0,0.007037823710278088,0.0,0.035355982565819594,0.05294247178199382,0.06386618168626165,0.04760139267853264,0.1488364666774711,0.11663828780385418,0.1379428817952933,0.0891082271702433,0.2992315022478087,0.253061011986942,0.3576507757901241,0.3137782270073398,0.5044458144874268,0.3990705748415608,0.5721270057179726,0.6462887365023854,0.677908937526133,0.7111231292910254,0.7193020722449105,0.7958390947770522,0.7915734841346027,0.8147100596158928,0.6920599334156926,0.8185723135144701,0.6904420466331116,0.7482011150540848,0.7195027203417552,0.6805501788888512,0.5869788241591092,0.6724432423695286,0.7187576157285451,0.7494377949784982,0.7083031051156262,0.6855566878254603,0.6206170092957914,0.6173699851350216,0.6026760054940068,0.4664876015277074,0.461373579984654,0.5843819927195866,0.45925654184050874,0.4860922500516999,0.3712350007624291,0.380398546164333,0.31854597192759604,0.3039179569707764,0.30193121069395046,0.24880641785463042,0.07367893822165292,0.05644507784751049,0.08767529013427235,0.0492556581714957,0.04864424535745396,0.061382253052015195,0.02774676860046191,0.028789312644708034,0.0,0.0,0.0,0.0,0.0,0.0,0.0,0.0,0.0,0.0,0.0,0.0,0.0
0.0,0.0,0.0,0.0,0.0,0.0,0.0,0.0,0.0,0.0,0.0,0.0,0.0,0.0,0.0,0.0,0.0,0.0,0.0,0.0,0.0,0.0,0.0,0.0,0.0,0.0,0.0,0.0,0.0,0.06521257723638849,0.07719422488993083,0.052120141264136735,0.10593977233124144,0.16833891338051515,0.14116874032560722,0.17287781276897637,0.24926850081173146,0.38956773699455977,0.48389804171725254,0.5450540679650802,0.4123266671482062,0.6532992666756886,0.6412540403663285,0.6656935726218444,0.561110585110099,0.5636960110097521,0.632719212049341,0.6135238956319727,0.7007381014334658,0.6396828605620235,0.5469635339098613,0.5650771388446886,0.460445799207205,0.23068465340620087,0.2440263444311609,0.24608294126097602,0.302574904400123,0.235914754399071,0.2452758465076855,0.2989593428677245,0.3468153460317995,0.3717546907812466,0.4375620463916358,0.48480854392463624,0.4862746708370453,0.510742034032333,0.4804026506706569,0.3622292221697144,0.2546502042888217,0.13015848875681355,0.2867925968448017,0.24424073892791165,0.29425312047752333,0.21809076022568039,0.24105139630706823,0.06603230447226544,0.0,0.09449251464207262,0.07475854127769943,0.029358065875417727,0.0,0.012860759002480099,0.0,0.0,0.0,0.0,0.0,0.0,0.0,0.0,0.0,0.0,0.0,0.0,0.0,0.0
0.0,0.0,0.0,0.0,0.0,0.0,0.0,0.0,0.0,0.0,0.0,0.0,0.0,0.0,0.0,0.0,0.0,0.0,0.0,0.0,0.0,0.0,0.0,0.0,0.005539723628262987,0.0,0.0,0.0,0.0,0.09759049589210142,0.1186465408004474,0.15645206158209152,0.23025412485173227,0.2531493843544104,0.2328192840023072,0.3525379975110751,0.38813610021680967,0.4143667293023833,0.4021287417892194,0.29839473969857083,0.36687328618290493,0.39547076750527566,0.5103082591701562,0.5411914794377155,0.5764758069441003,0.566238466323162,0.4836811992747759,0.49091627045925,0.528868249821145,0.5021708707685196,0.4109510515098817,0.3617774715761861,0.15084957759543366,0.11614621569572209,0.03169068726464404,0.01937714714028035,0.06760732317861022,0.1925081462378939,0.2266869009632149,0.264997289110666,0.2158822596132022,0.15849654305465172,0.06371256036749626,0.15632882003813678,0.10780075695751543,0.12305084235512628,0.17199805143633887,0.19164205994580996,0.17050304084241205,0.17128297783690832,0.1770476763763262,0.21518578400190813,0.17623277122560374,0.13278020395302875,0.03379693055869966,0.062303354017555566,0.03506886782925812,0.05634306576923227,0.017950142167562362,0.013226404300651778,0.0,0.0016109492937936218,0.019053800288695126,0.006995307567976701,0.0,0.0,0.0,0.0,0.0,0.0,0.0,0.0,0.0,0.0,0.0,0.0
0.0,0.0,0.0,0.0,0.0,0.0,0.0,0.0,0.0,0.0,0.0,0.0,0.0,0.0,0.0,0.0,0.0,0.0,0.0,0.0,0.0,0.0,0.0,0.0,0.0,0.0,0.0,0.0,0.032369413396135575,0.02254426450485708,0.06023481103213561,0.16880928625529265,0.0870088630031341,0.1395101178672995,0.24523757091283233,0.2569304487704452,0.20084376264535464,0.19407136983790263,0.42741578453497675,0.38159166195717864,0.37876855079635846,0.2800240511675895,0.5994510404533804,0.5020857994827258,0.5564253158575965,0.6414892470872149,0.6866661344138448,0.7263880178682113,0.6606027725985962,0.604277827655757,0.6312688245742555,0.8018262597576481,0.741082458353556,0.6284404145780202,0.7291131842168287,0.7247637631923721,0.7710860770367568,0.7064496136834716,0.6482258079448797,0.6505238547816931,0.5921385042040224,0.6920562482166593,0.5035865692467367,0.5951289574500476,0.46364032486457274,0.5567073061679187,0.4699935157317587,0.46643734491714284,0.43534953418479383,0.3579833671852104,0.3362180139249384,0.3202279856989896,0.2811331314248351,0.19167812505602772,0.1618140374304144,0.15977174563195914,0.11809847559249045,0.03372419241102742,0.12891199954517746,0.0,0.0,0.007159489951026353,0.0,0.0,0.0,0.0,0.0,0.0,0.0,0.0,0.0,0.0,0.0,0.0,0.0,0.0
0.0,0.0,0.0,0.0,0.0,0.0,0.0,0.0,0.0,0.0,0.0,0.0,0.0,0.0,0.0,0.0,0.0,0.0,0.0,0.0,0.0,0.0,0.0,0.0,0.0,0.0,0.0,0.028773349914962977,0.09928754626535563,0.12000719530684738,0.075907923039868,0.1487385366861801,0.11241597328154282,0.26024411487943294,0.27289404377853943,0.3918661497518972,0.3975067083271571,0.41134582722790813,0.4338512953329735,0.48535435322062254,0.6539214200337758,0.561395120748115,0.6888429895188406,0.6527783557670788,0.7656119775917538,0.7515116428783863,0.6995287581259496,0.768733593610134,0.8316705137164343,0.8152331361737419,0.8195315712348121,0.7765827994858134,0.8567835965161287,0.9298745012226666,0.9108658529010906,0.8808388967190003,0.759142078014305,0.8989638108353871,0.8108911511908856,0.7422555920360259,0.8922193980931581,0.8050604156486095,0.6807250037014667,0.7366500217485593,0.7298740027190903,0.7099179968565564,0.5999279990215538,0.5799965555279188,0.5316688839683292,0.43902601560925525,0.4656014844260219,0.4244130577887846,0.274037122349331,0.2763383023662998,0.1624037057885383,0.18824098944280387,0.1906708166719043,0.1307860465475045,0.09888535504103813,0.05065906089025039,0.04731320497212703,0.0,0.0,0.0,0.0,0.0,0.0,0.0,0.0,0.0,0.0,0.0,0.0,0.0,0.0,0.0
0.0,0.0,0.0,0.0,0.0,0.0,0.0,0.0,0.0,0.0,0.0,0.0,0.0,0.0,0.0,0.0,0.0,0.0,0.0,0.0,0.0,0.0,0.0,0.0,0.0,0.0,0.0,0.0,0.05777568447508264,0.02603140662348731,0.0692213432091429,0.10478519668500838,0.0738957051488405,0.12224397543310847,0.10820480399447054,0.1782795565590342,0.22360733205121475,0.12745666906609657,0.27870301115024154,0.12200709951083213,0.33540909548256936,0.3921654785740287,0.5206166705978875,0.5607065126947427,0.6873437608713618,0.6454968627677272,0.69793184854291,0.6859076403491267,0.5990849799557949,0.5759405496916833,0.5965721812141642,0.5595353563474036,0.5386783671759684,0.37593586284525016,0.36385569294360165,0.2286784679905803,0.1561565028710718,0.18147634954504918,0.16383734704362937,0.12736019185945632,0.19541370300867028,0.21258857426775718,0.25822039070242236,0.23971839392192118,0.21650312466868535,0.11140302921706224,0.12144407612456092,0.2161253694393626,0.12465011398239381,0.10399319153093597,0.03484097513195289,0.0,0.04737784891123076,0.026514380371327858,0.0,0.008916159579955167,0.0,0.010151012971598927,0.0,0.0,0.02339894270852342,0.0,0.0,0.0,0.0,0.0,0.0,0.0,0.0,0.0,0.0,0.0,0.0,0.0,0.0,0.0
0.0,0.0,0.0,0.0,0.0,0.0,0.0,0.0,0.0,0.0,0.0,0.0,0.0,0.0,0.0,0.0,0.0,0.0,0.0,0.0,0.0,0.0,0.0,0.0,0.0,0.0,0.0,0.0,0.016509684349176643,0.0,0.08788994691858715,0.07693440760392796,0.19017835873827535,0.25088059272973234,0.220084874114546,0.06662409572665445,0.30951169079341256,0.352817840097773,0.33564498502080664,0.38368970400100194,0.39335860197812206,0.4081623674759871,0.3709568994107126,0.35855277062534646,0.3134607039943491,0.34729317483930083,0.45751720305162435,0.4417482242850431,0.5986888043116051,0.5145873064484433,0.7155251856676961,0.4778654361436821,0.7333021159352427,0.6662312494659808,0.5768247581603713,0.5714189665666756,0.5323341974105832,0.47627411187758817,0.3189164543463982,0.5201493131640019,0.5145043583186791,0.49920378291222356,0.5560791936989627,0.4720086804811099,0.46206470107795117,0.3839200193650017,0.4887803756134679,0.4608264211955456,0.3337321837172118,0.3743630783811058,0.3386058906462409,0.24775707572561653,0.24342409782525853,0.165906873842084,0.24353674810413775,0.20743825320962275,0.16392003286551038,0.09866515237635601,0.04602868583996321,0.03460364428417409,0.0488210010470352,0.05946440482344861,0.0,0.004703273565176538,0.0,0.0,0.0,0.0,0.0,0.0,0.0,0.0,0.0,0.0,0.0,0.0
0.0,0.0,0.0,0.0,0.0,0.0,0.0,0.0,0.0,0.0,0.0,0.0,0.0,0.0,0.0,0.0,0.0,0.0,0.0,0.0,0.0,0.0,0.0,0.0,0.0,0.0,0.0,0.06572272984982472,0.0,0.05538201266290513,0.15511548979319076,0.23642268050137094,0.20315103928784117,0.31929472742666903,0.3396419648721004,0.41227658981595516,0.42664597206759913,0.5301228630524281,0.6198115193132894,0.662370560357051,0.6584765542673828,0.7178405984476321,0.637383725132088,0.7762951549519531,0.7274969818909548,0.654313097327994,0.7452064667773608,0.6802400103383894,0.7438718947885827,0.8103656712924365,0.7630046876947093,0.7144712161698428,0.6774855782983285,0.7569963621377918,0.7371178596887528,0.6637646895211465,0.5597524461388336,0.5440469565125685,0.6229155483502151,0.6084030076252541,0.6206556053791752,0.6217309938534199,0.5765364611928496,0.44081129522835527,0.34982540018570984,0.3978659930976897,0.31229456493785723,0.30491507930599854,0.1067085977890721,0.15450369479378806,0.08423997905969849,0.05541823427337893,0.09027050527392992,0.04930832388326108,0.0,0.05940448520801047,0.0993383397352261,0.04498408715520259,0.0,0.04967822983678948,0.0,0.0259386040941789,0.01260100680625736,0.0,0.0,0.0,0.0,0.0,0.0,0.0,0.0,0.0,0.0,0.0,0.0,0.0
0.0,0.0,0.0,0.0,0.0,0.0,0.0,0.0,0.0,0.0,0.0,0.0,0.0,0.0,0.0,0.0,0.0,0.0,0.0,0.0,0.0,0.0,0.0,0.0,0.0,0.0,0.0024479355340976915,0.007919803756208488,0.012104996677477407,0.0,0.08252990757075512,0.052020286307113695,0.0,0.15109828243281914,0.1352393616481568,0.07610575528272256,0.15337767474462982,0.2546852226749918,0.3141151593525392,0.3133113624046997,0.35716823088433886,0.4264036688963152,0.5500636555138811,0.5338818419531928,0.5682765102457243,0.6049837542936175,0.6795796290943534,0.6117361841628902,0.6622088244460276,0.708973294529064,0.6857652075541876,0.6892128024303535,0.7839928607374291,0.6708554292194965,0.6351268607172997,0.5844395406183553,0.5768559253682857,0.587748866215446,0.5503935024952828,0.5495975766491291,0.6037133265564729,0.4977552865270251,0.4960467076137026,0.332279887624221,0.43036266088013875,0.32298187817303403,0.26404960461484744,0.3325779567724724,0.3286870131182421,0.28908574061257575,0.25749664342195955,0.18645649199032172,0.30840621900697196,0.06802740699616813,0.18131803477778496,0.0616355832680405,0.16219607715272938,0.09649871165307297,0.022111072046535896,0.09224502957720317,0.0,0.054594305578116384,0.0,0.011239017078697778,0.0,0.0,0.0,0.0,0.0,0.0,0.0,0.0,0.0,0.0,0.0,0.0
0.0,0.0,0.0,0.0,0.0,0.0,0.0,0.0,0.0,0.0,0.0,0.0,0.0,0.0,0.0,0.0,0.0,0.0,0.0,0.0,0.0,0.0,0.0,0.0,0.0,0.0,0.0,0.0,0.0,0.0,0.0,0.012490262809118219,0.0,0.06938922941820228,0.0,0.12678749561169278,0.1832584188272605,0.16359556605114237,0.31094191082441275,0.4413007686427048,0.32577689361921225,0.5016733867969869,0.4838928480267536,0.4993129600300734,0.6061247699821134,0.5790258686029828,0.5739734807657193,0.7772088010216074,0.6841153763200939,0.792677685208316,0.7894465324428408,0.7082168623316412,0.6810957961610482,0.7265621843370861,0.8824091456615932,0.8217122664480733,0.8070571807710618,0.7855110062771763,0.7884002835258765,0.7551818331175979,0.8477373850859984,0.7696979337019314,0.7294230046174819,0.8200274085796416,0.7549098672068143,0.7484343552333088,0.6475104685938207,0.6312018631258483,0.6593581548179154,0.5812777815856042,0.5813132053639446,0.4875959312435821,0.4490372179866901,0.39452074043362645,0.3583735018375569,0.2299832262032804,0.153282004912668,0.13597131714576127,0.11501156370253512,0.03336370595617141,0.007260927586112145,0.06287514923609214,0.0,0.0,0.0,0.0025868117298993376,0.0,0.0,0.0,0.0,0.0,0.0,0.0,0.0,0.0,0.0
0.0,0.0,0.0,0.0,0.0,0.0,0.0,0.0,0.0,0.0,0.0,0.0,0.0,0.0,0.0,0.0,0.0,0.0,0.0,0.0,0.0,0.0,0.0,0.0,0.0,0.0,0.0,0.027866274117400766,0.05682775136151805,0.1398453596154684,0.17255430319890805,0.21703622894914892,0.18492849818658408,0.3271181152279691,0.31317015050316244,0.36752108107597065,0.4258796605113247,0.44704250626834335,0.439298984413575,0.5583411233258626,0.5165475493999627,0.5552298460101854,0.5762775017146391,0.6406695554074506,0.5859438780458173,0.5919555588342763,0.6698869842903014,0.6390424872817965,0.6660478334015884,0.6089123108101917,0.7244343226904322,0.7223803391111074,0.5100798605229752,0.649902395188891,0.6187682153831953,0.6352104316922352,0.5634193284672209,0.5825728156953118,0.5858306975241181,0.5370928242341562,0.5925900662570216,0.6391242385554914,0.6965056901867753,0.654974413428719,0.4994794654316407,0.6261793956258409,0.452237740935556,0.5249178263834804,0.3191019888168094,0.47510488701413983,0.4250728133478207,0.44127206301464994,0.46262579410819976,0.33951782744700354,0.3396282916213972,0.30149991373517054,0.23899733506340046,0.18683938833709993,0.05733720378476931,0.12605027559524845,0.024439034814255925,0.03134504188269987,0.0,0.0,0.014037912248009777,0.0,0.0,0.0,0.0,0.0,0.0,0.0,0.0,0.0,0.0,0.0
0.0,0.0,0.0,0.0,0.0,0.0,0.0,0.0,0.0,0.0,0.0,0.0,0.0,0.0,0.0,0.0,0.0,0.0,0.0,0.0,0.0,0.0,0.0,0.0,0.0,0.007596340345830985,0.004534139227362691,0.029487908395036247,0.06527608307533879,0.0220529173234362,0.0,0.10752596150571575,0.06921894316013415,0.13086513069223826,0.1228924223881395,0.05093683590362488,0.17611412060517975,0.18382438640729448,0.24415112424768645,0.2254249486603351,0.32557182772134174,0.25215036273196195,0.34933921804103785,0.41117865297670103,0.34510732270536487,0.4886510260643664,0.46416047279652367,0.49569373256522475,0.5089777165099483,0.49534612091054586,0.41723323881173835,0.449201666553938,0.5048728348882453,0.492556075462542,0.46887205751914396,0.4787578046367153,0.4759966805312275,0.43719595036718717,0.3377015912452749,0.3534130714568307,0.32915677256248943,0.31762541865002386,0.3117192822234446,0.31355439235319216,0.30459305436134604,0.32225288058289203,0.3109265207236793,0.30517807889287746,0.3256753357782286,0.2860084231673001,0.2435805198491453,0.22603771407774953,0.17413953932369347,0.1461165119134248,0.13810554837120523,0.06485732550230781,0.13827662251377584,0.08173441822932381,0.11101357822955017,0.09860963118092908,0.0045807060321501475,0.0,0.0,0.0,0.0,0.0,0.0,0.0,0.0,0.0,0.0,0.0,0.0,0.0,0.0,0.0
0.0,0.0,0.0,0.0,0.0,0.0,0.0,0.0,0.0,0.0,0.0,0.0,0.0,0.0,0.0,0.0,0.0,0.0,0.0,0.0,0.0,0.0,0.0,0.0,0.008695810013651346,0.018172300777025217,0.0,0.02007495374977368,0.053736357639143986,0.08464107516818115,0.14723463771993972,0.1464710931957927,0.2103996926304831,0.22389062939953028,0.263059547205131,0.37041081418754995,0.35312329635541756,0.4046431675675224,0.4630058974352645,0.47410495398116015,0.4457157682534866,0.4771941748100203,0.5135214203545698,0.5464487293987323,0.5304293067289674,0.44000850029453625,0.3395640835737317,0.5423597710812317,0.48351326690479707,0.4683932124796885,0.5232052240242662,0.5558448784205814,0.5924459548570978,0.5148550364060784,0.4198591127142081,0.5022995317531349,0.4533816840869752,0.4972227013270285,0.5426574503955982,0.5703214566962989,0.5796810702064898,0.5672130430158923,0.5657728291110015,0.5576789106716762,0.5469150868160081,0.489970645834062,0.47643295660491813,0.5282686897745963,0.5397914580384872,0.4877700781472375,0.4199233375877808,0.40962282586799403,0.3083876126233047,0.22348165491493582,0.2558712515404728,0.19187127827968656,0.20589699898938735,0.14274608111936526,0.0,0.09573523221497966,0.0726700789674728,0.01101720420182234,0.0528099260027433,0.0,0.006957647501161637,0.0,0.0,0.0,0.0,0.0,0.0,0.0,0.0,0.0,0.0,0.0
0.0,0.0,0.0,0.0,0.0,0.0,0.0,0.0,0.0,0.0,0.0,0.0,0.0,0.0,0.0,0.0,0.0,0.0,0.0,0.0,0.0,0.0,0.0,0.0,0.003425750054115024,0.0,0.0,0.005040253142593591,0.033918604415353576,0.07076389695513213,0.06663251927538928,0.15563611576402717,0.12043350468807724,0.17035778747292069,0.1847286874996426,0.2692697172732655,0.35512987153536796,0.3854436502349596,0.48543704943415195,0.6149920086124792,0.5598137959523247,0.7551957223288964,0.7222273400765176,0.7326080423803408,0.6980404884562817,0.8054002994706517,0.7757544127603506,0.8048695325560399,0.6035229363859436,0.608335005130404,0.608170603163297,0.4508191549939702,0.5036988901578818,0.47511453481867866,0.5310425348143274,0.430687446690576,0.47130164955195225,0.6564973018244457,0.5994217552891836,0.710642599884782,0.7194949059470616,0.6912042465050556,0.6451627172301215,0.5651519007588768,0.46313407839685683,0.3072406474223871,0.2426628537853449,0.32527003126771614,0.38569532020492225,0.36095502864293166,0.2607187220642877,0.24229827919177951,0.07034213150519036,0.15457644409872437,0.15801350526042385,0.1807169630710973,0.12433169962801832,0.09498692543933505,0.06770737006914473,0.057993725124247095,0.05173340696861729,0.04592741084098206,0.0,0.0,0.0,0.0,0.0,0.0,0.0,0.0,0.0,0.0,0.0,0.0,0.0,0.0
0.0,0.0,0.0,0.0,0.0,0.0,0.0,0.0,0.0,0.0,0.0,0.0,0.0,0.0,0.0,0.0,0.0,0.0,0.0,0.0,0.0,0.0,0.0,0.0,0.0,0.017966725068852364,0.0,0.0,0.07175467863084728,0.1230264038386519,0.10269942803970607,0.18386302494204762,0.08427279339209984,0.25973013808207274,0.2848016311985387,0.2938443073651784,0.40522810091608813,0.48918808192665575,0.4274045786047504,0.5610734169615068,0.5131409298955273,0.5639950558884764,0.5548177537134676,0.5141975361017698,0.6219175384647663,0.6308915414568059,0.5211499360858545,0.6772455508561097,0.6514028181032907,0.6445420097815349,0.5981393084269608,0.6572910898584546,0.6567709007883262,0.6644025154845911,0.5571752874022731,0.5499752653366691,0.4753171491816761,0.249841959110666,0.28923431626767254,0.32331490848237293,0.33443683507509914,0.31726392250624497,0.4400103783177746,0.4365634927316785,0.4505883070372495,0.39228668909244446,0.36740903744524006,0.4554177491296792,0.31082384148399633,0.27655281557766687,0.3336135750853923,0.3340465123940807,0.2918512656576158,0.33437964134121057,0.3003260777950701,0.26479489935711986,0.18680703580775238,0.15780875858900772,0.16235382596335388,0.06723722389111672,0.06306278776425302,0.022111706128500386,0.0,0.0,0.0,0.0,0.0,0.0,0.0,0.0,0.0,0.0,0.0,0.0,0.0,0.0
0.0,0.0,0.0,0.0,0.0,0.0,0.0,0.0,0.0,0.0,0.0,0.0,0.0,0.0,0.0,0.0,0.0,0.0,0.0,0.0,0.0,0.0,0.0,0.0,0.0,0.019964541565224224,0.0,0.017233838258723905,0.05233396906399938,0.10740811018100516,0.13074176980347257,0.08321384349532163,0.2866219182058031,0.30232791675614856,0.32563138950232,0.3174146960265507,0.4732131731023688,0.5121878056229023,0.6185878771575737,0.5261174607127039,0.699024165835484,0.7231139080778332,0.6844580551236275,0.7092430830750426,0.7757629315650424,0.6392203050247441,0.6795173884556679,0.9082582563189255,0.7402382116751715,0.8626485816007193,0.8688480321758292,0.8840432374032051,0.8568332372768468,0.9607985541996817,0.8956212225298726,0.8962406341119518,0.9427383906824347,0.9599571284414745,0.906509141177044,0.9401591088260038,0.9191396147101344,0.8942174135793055,0.6740592494233321,0.8126059233633751,0.6088091462162768,0.7501521604602837,0.7536125244842065,0.620909581713046,0.7107859330974808,0.5783711371955168,0.5970031686468542,0.39430010391130405,0.4159479773452794,0.3422201925856608,0.3742078563350362,0.2660603930770566,0.2266049010346326,0.05322819226286829,0.1473591250476977,0.0,0.03730809118367745,0.0,0.04138279353553608,0.0030132101132359194,0.003987631945141202,0.0,0.0,0.0,0.0,0.0,0.0,0.0,0.0,0.0,0.0,0.0
0.0,0.0,0.0,0.0,0.0,0.0,0.0,0.0,0.0,0.0,0.0,0.0,0.0,0.0,0.0,0.0,0.0,0.0,0.0,0.0,0.0,0.0,0.0,0.0,0.0,0.02477356497643143,0.0,0.04595655583972665,0.11342971150219895,0.06279369610309309,0.13707899240077748,0.19208755050052773,0.2605045177825447,0.253469013255,0.28664903376884754,0.3386949801222316,0.4924148678966596,0.551345572527763,0.5952026090851381,0.5445754072590514,0.6714110214418565,0.6619660730548674,0.7177352254783299,0.7487929891578062,0.5937077652994391,0.6199759007197052,0.6441071515472762,0.7392409807603407,0.6966066839912776,0.690802151896142,0.6640905672287942,0.8033706203905413,0.7949009342072173,0.7906255734182184,0.7089193323946188,0.7217250297592145,0.6974129413242867,0.6991911820514933,0.4827302073725415,0.5979037575499889,0.3636019054149269,0.47973205978337785,0.5442880581199016,0.42785307145218326,0.45825347286114876,0.3277028983021252,0.2556415288876086,0.33527906470833496,0.2851621772695978,0.21134354924845272,0.2517029130651044,0.19344832406448403,0.1880049078540273,0.15095074732334823,0.20740552835020476,0.16370246619902667,0.14794236333857144,0.12272567658547963,0.024738694462294195,0.07532205874292852,0.06640968210218141,0.0021975819903379407,0.0,0.0,0.0,0.0,0.0,0.0,0.0,0.0,0.0,0.0,0.0,0.0,0.0,0.0
0.0,0.0,0.0,0.0,0.0,0.0,0.0,0.0,0.0,0.0,0.0,0.0,0.0,0.0,0.0,0.0,0.0,0.0,0.0,0.0,0.0,0.0,0.0,0.0,0.0,0.0,0.012859853566029783,0.0,0.07228805072148013,0.04584717695602792,0.0,0.03125619608893303,0.08431294754316129,0.0,0.09430195411183787,0.16895660387685607,0.049886471984801145,0.2469950819626016,0.2834155918605978,0.3777379243806627,0.2957535438243935,0.45835393740399655,0.5665148298185164,0.7114220826692945,0.7626216040264783,0.824481542583086,0.8670383252262165,0.8488303831181646,0.871180980421503,0.8441201865432693,0.7852084487351456,0.8135934857590104,0.8526716139540186,0.8158252978182983,0.9722182298979186,0.9525307253787368,0.9574084928339018,0.8721588815564241,0.9404345290816598,0.8777854586798443,0.7296151063776747,0.8719112609663685,0.7114777318351896,0.7725042496184146,0.7017696067018705,0.7632419382080807,0.6648812193037701,0.6725102864612603,0.515030448566967,0.4994320384322488,0.562963772529573,0.4447507397007552,0.43951544555002897,0.371824939866789,0.2199756888915256,0.19703680928254674,0.15233469056336688,0.0,0.16180868940048113,0.08767191599303073,0.0,0.060976750781334174,0.0,0.0,0.009804062916423842,0.0,0.0,0.0,0.0,0.0,0.0,0.0,0.0,0.0,0.0,0.0
0.0,0.0,0.0,0.0,0.0,0.0,0.0,0.0,0.0,0.0,0.0,0.0,0.0,0.0,0.0,0.0,0.0,0.0,0.0,0.0,0.0,0.0,0.0,0.0,0.0,0.0,0.01767790165072581,0.010323256873779232,0.042110822867929394,0.04746040843216299,0.055256430187238095,0.10834591608530292,0.13095727463498902,0.18079935558673127,0.1881387674070113,0.22390921425334115,0.24398705696241993,0.2559539994145467,0.260078947645811,0.2614487585628008,0.2059597838090748,0.17678487007936913,0.11913546467301264,0.06901636527172125,0.08717945871550752,0.08656690261082037,0.09579115992173406,0.14223872199357526,0.14388771823488677,0.14442010085440746,0.13996281621967635,0.12633175129036045,0.17111068656100673,0.1545032849858791,0.09323883370098718,0.08271514887459569,0.08507814259079835,0.07236085060244113,0.030508615594052355,0.04260022202733212,0.0311727917774658,0.012251222026197835,0.02614863973791877,0.08096438901994896,0.11056070774746815,0.13377524195934892,0.17330589596413715,0.1133407612021867,0.1251651615852289,0.1489264764030043,0.13010345663957257,0.12493709238086265,0.07985086269418966,0.05874013938256733,0.07963690570825638,0.09797141322971453,0.10021757787542628,0.05889110670294888,0.07770545658883742,0.025405667263510304,0.07822843324200653,0.03146226619022474,0.04845613218818404,0.006819520207906153,0.0,0.0,0.0,0.0,0.0,0.0,0.0,0.0,0.0,0.0,0.0,0.0
0.0,0.0,0.0,0.0,0.0,0.0,0.0,0.0,0.0,0.0,0.0,0.0,0.0,0.0,0.0,0.0,0.0,0.0,0.0,0.0,0.0,0.0,0.0,0.0,0.0,0.0,0.04482629579812597,0.04474017427789641,0.0,0.12584014625597867,0.1270303636541204,0.18087269190405716,0.21674696570019714,0.3125267920983632,0.2983223014625162,0.3220832706734916,0.2577027519053674,0.4989728550356157,0.5134327590252452,0.4883679701168491,0.5373768338686005,0.5140126213997835,0.4924132143852513,0.42433311735261603,0.4684075352878356,0.5258662485307048,0.5798136448628938,0.6288182720487965,0.6352781991216558,0.6038832288920211,0.6813132520413856,0.6929102504541201,0.5649815330866967,0.6679836587722956,0.5316394211033051,0.5282087802365647,0.38610446543753174,0.5015132217490459,0.5503397230044365,0.5050297904741561,0.42064227845179497,0.5103515339889689,0.5376231950142281,0.5321086611493885,0.49824671952486477,0.4342864473646306,0.3602540429344567,0.31159061365461166,0.28948687642087134,0.30242961147114894,0.2066118049853249,0.15849714090856099,0.1813173102917409,0.177585652678791,0.17004181331204551,0.09389427533789849,0.09855896513283416,0.024518446457342233,0.03413364628108479,0.059782324082635487,0.0,0.0,0.0,0.0,0.0,0.0,0.0,0.0,0.0,0.0,0.0,0.0,0.0,0.0,0.0,0.0
0.0,0.0,0.0,0.0,0.0,0.0,0.0,0.0,0.0,0.0,0.0,0.0,0.0,0.0,0.0,0.0,0.0,0.0,0.0,0.0,0.0,0.0,0.0,0.0,0.006349893535433745,0.005461362736493565,0.04420204103563587,0.010330556823793607,0.07209324226228801,0.0,0.08653981808295472,0.1411080273851238,0.1168483703406985,0.20800322207509628,0.11444300066474598,0.180182207083253,0.21886089099500022,0.29230088811764965,0.2985206181070577,0.38441088226556613,0.39870329346945466,0.4729287660732578,0.42021753456119443,0.45772560691107805,0.46014316853949344,0.4335395738001112,0.4543982087552364,0.3865147748968009,0.3791059217675374,0.37893754656865697,0.3847617798080188,0.26299028297562194,0.292282033252657,0.2841751526712668,0.30691892522925207,0.3214563015195293,0.31491482885686845,0.25977002256859294,0.3583635873012986,0.2998755014351971,0.4140017422882104,0.46313507792738084,0.4581396223196187,0.4475751626230731,0.3780730055791276,0.34972291878574924,0.26935634137376413,0.2585080384510486,0.27569383407742953,0.2105471283939285,0.16125758564563072,0.10966656902722657,0.1982191722595503,0.17254785271714113,0.14375650611084342,0.15798606103105367,0.09957984685479787,0.05836963282471361,0.0672371367468253,0.01237009565070131,0.0,0.06083011900267638,0.0,0.0,0.0,0.0007675064569924138,0.0,0.0,0.0,0.0,0.0,0.0,0.0,0.0,0.0,0.0
0.0,0.0,0.0,0.0,0.0,0.0,0.0,0.0,0.0,0.0,0.0,0.0,0.0,0.0,0.0,0.0,0.0,0.0,0.0,0.0,0.0,0.0,0.0,0.009724688883558546,0.009584571107852578,0.030963452244557467,0.0,0.05615138920332837,0.02208399927948755,0.05758007164540083,0.09473260391295493,0.09211302519352228,0.10133892081283852,0.15248915478051056,0.20510421027183032,0.24299017090245484,0.27332584051505493,0.28189237981485626,0.31025128960881765,0.27075033327755094,0.27326251674749874,0.23299818811659376,0.21212323242182954,0.17032180300652056,0.14307370396177058,0.1400171761485063,0.08582297349188829,0.0857991772165814,0.13125503931660934,0.10602840787650074,0.1330785203678324,0.10019701175559984,0.11510375579458867,0.160073608013814,0.11570993890427339,0.14092310932412275,0.11330913625482503,0.14500898651793734,0.17696630495051496,0.18322841186796335,0.1671993192936963,0.17060315976669507,0.20022725229252825,0.18228742190006114,0.17336056797253113,0.20696366223035287,0.18848717019980518,0.2104000170598473,0.17876156091404674,0.1325102381224042,0.16843495825258895,0.1360971180453272,0.18423197032424035,0.2157732151746014,0.23333954619197042,0.18493187291296417,0.176400271701874,0.19329808278446436,0.10418355523029234,0.1359291354571743,0.07636745558692583,0.05798095712501859,0.05090395108371194,0.0,0.0,0.0,0.0,0.0,0.0,0.0,0.0,0.0,0.0,0.0,0.0,0.0
0.0,0.0,0.0,0.0,0.0,0.0,0.0,0.0,0.0,0.0,0.0,0.0,0.0,0.0,0.0,0.0,0.0,0.0,0.0,0.0,0.0,0.0,0.0,0.0,0.0,0.011495897830644631,0.02762310940262142,0.016833981620333144,0.028222207408286737,0.08295200460291444,0.11481720939557284,0.09698550205871337,0.13048592776714352,0.24643400581302832,0.16370415951978107,0.22816975826193664,0.2564629832163846,0.2729642256169015,0.35685972021492474,0.3658140789990102,0.39642098284767924,0.37604930476218573,0.355688426773784,0.3334808692388169,0.4527723681444794,0.49398396242591425,0.5201016426505131,0.43186525655129615,0.547057278888411,0.5161690542315507,0.5177065349004967,0.4619412711070731,0.421070737789203,0.3571044343450181,0.33505103382203577,0.3760470829505075,0.32450927668994,0.2961968424909974,0.3370284937845779,0.39329235861627426,0.4239516834653652,0.43581058051648947,0.39137337617005846,0.41174882034800847,0.4626228193797455,0.42150422102826157,0.45448121445661854,0.38405366892586823,0.4808830364419166,0.43851326413942826,0.3658221275219142,0.3122877113765535,0.3961684002956442,0.3543870914621483,0.32527744096666594,0.3108162342265456,0.24972147533107483,0.033077751694719076,0.0708320722293489,0.03608363425852343,0.0,0.028395476591398502,0.024251160004220704,0.0,1.4719535153341623e-05,0.0,0.0,0.0,0.0,0.0,0.0,0.0,0.0,0.0,0.0,0.0
0.0,0.0,0.0,0.0,0.0,0.0,0.0,0.0,0.0,0.0,0.0,0.0,0.0,0.0,0.0,0.0,0.0,0.0,0.0,0.0,0.0,0.0,0.0,0.0,0.00549115974815333,0.0,0.0,0.028230279300460785,0.0,0.0,0.030361906499800882,0.043774460787950775,0.09649995375491549,0.021525892603087737,0.11225423332632667,0.1555459625557445,0.11894162487419714,0.026485581810710646,0.12231145825930959,0.23957964178666233,0.3451638526785945,0.3296841669832084,0.4873890602200953,0.5665654719899428,0.5865028976349159,0.567215737327254,0.6160164996312204,0.48667890871270625,0.540710658967098,0.6597213754753711,0.6706100765126715,0.560937210985754,0.7017692810550612,0.623642085444019,0.6287039022206727,0.6264147480541192,0.5201495846689815,0.5311671727084708,0.5865136268769259,0.5930854685528235,0.4616969648344968,0.4347138670010398,0.4021274372085459,0.28596429031272,0.27843551170052705,0.1308975859185316,0.21746593825682495,0.23532305322788932,0.22811544335584633,0.2486905061289845,0.21435323971869066,0.21161644970227567,0.2188648140157331,0.12774718665777476,0.1035522643669788,0.12533098140107252,0.12009937402798466,0.0,0.0,0.041921530977846,0.0,0.015766445546021527,0.0,0.003998586674547323,0.0,0.0008630433886528139,0.0,0.0,0.0,0.0,0.0,0.0,0.0,0.0,0.0,0.0
0.0,0.0,0.0,0.0,0.0,0.0,0.0,0.0,0.0,0.0,0.0,0.0,0.0,0.0,0.0,0.0,0.0,0.0,0.0,0.0,0.0,0.0,0.0,0.0,0.0,0.0,0.0,0.0,0.021022916988501228,0.03518347381675897,0.10003812021523974,0.0,0.12103785497987875,0.02910567772306885,0.24420127599374614,0.22154407115640956,0.22123426890013265,0.02780036406959252,0.14497011579795008,0.337123462218908,0.38573896494029186,0.38359079640806626,0.39466143938571924,0.39032615437644425,0.504317762413373,0.644302835644502,0.701687118759833,0.7182918270955524,0.7415099084883736,0.8240251105540577,0.9145289339711576,0.8812931237676568,0.9584708430015324,0.9249070972657398,0.9124178202067917,0.7030078372972326,0.9287558577784012,0.8747500001129314,0.787567460998665,0.8341570867882404,0.6697921686510473,0.716676704159242,0.7826175641382941,0.7705617234752528,0.6644622749796316,0.4325088395199668,0.6179520658205032,0.5777025354279062,0.6152334177013628,0.5457776725363265,0.5255758415609942,0.3775307351362628,0.30728330526795194,0.3297713762968285,0.2972385405207908,0.29765892919621056,0.23549275906786088,0.17978317752959672,0.057599518097210506,0.05049325639473147,0.07109161081265108,0.0,0.05644768212831314,0.010260838196315802,0.0,0.0,0.0,0.0,0.0,0.0,0.0,0.0,0.0,0.0,0.0,0.0
0.0,0.0,0.0,0.0,0.0,0.0,0.0,0.0,0.0,0.0,0.0,0.0,0.0,0.0,0.0,0.0,0.0,0.0,0.0,0.0,0.0,0.0,0.0,0.0,0.0,0.0,0.0,0.0,0.09202854732116851,0.01078411342777158,0.11603661981077924,0.24725163412094622,0.2865430836416835,0.3599036926928962,0.3900101497490693,0.4334286836944533,0.47339755537691286,0.45919441228424307,0.6256690932240206,0.6465638093316831,0.686870371946416,0.6772280450710509,0.7609909569962966,0.726130151831326,0.8263624917727254,0.7992557953346394,0.7157295411016288,0.7694517598409273,0.7098532558080328,0.6043226365549877,0.6566513957891176,0.7505492845040984,0.8410112724799821,0.8632245843305515,0.7577356085745074,0.7925937668581146,0.8490817548927658,0.8093958270903893,0.7801641625803643,0.8081117912473329,0.7984866585909894,0.6856225905314067,0.7249618339793285,0.6475121979143721,0.5595135027528371,0.5895523951905188,0.5330541848653558,0.6080315694032584,0.5800119560407974,0.4236422133499833,0.44680858395609463,0.3962652371245878,0.26695379544354714,0.37030494683605986,0.3274091247694333,0.23917914230658666,0.10751509253622399,0.17687890007459905,0.1574891671957184,0.0,0.10107442211213422,0.0634182941083683,0.012525918906576977,0.0,0.0,0.01249132801770763,0.0,0.0,0.0,0.0,0.0,0.0,0.0,0.0,0.0,0.0
0.0,0.0,0.0,0.0,0.0,0.0,0.0,0.0,0.0,0.0,0.0,0.0,0.0,0.0,0.0,0.0,0.0,0.0,0.0,0.0,0.0,0.0,0.0,0.0,0.018929815844604694,0.0,0.004314475037801281,0.05433877482858403,0.06031211974833875,0.07668651550132885,0.14012179752168438,0.1184862489365968,0.17419278510105174,0.24465656674444067,0.27195427053024046,0.3379940231120178,0.3664768992001975,0.4702891978755797,0.43937636640182326,0.5460092033208098,0.6000768489132908,0.4433894964630648,0.44320317394646747,0.3653643904211713,0.4158200367513804,0.39320271102428467,0.4900180450889377,0.4519218837556534,0.5251125440754987,0.5093039708204836,0.543800839326152,0.6891638676437134,0.7036655705043056,0.8076833094807723,0.7871130660821322,0.6766509491030566,0.6165140420469698,0.7675373145333019,0.664184985557354,0.6867901377037025,0.6567963843617978,0.7572096911848786,0.7258430947161321,0.6785813941332535,0.7405581913169721,0.7676309032264269,0.7166263460538166,0.5399041936546616,0.5393379451929662,0.6457731764664666,0.5418561824654473,0.5300725656055192,0.5258964330416209,0.4653627696607493,0.3131200964650766,0.28461309860686046,0.17628151616413928,0.2369548505241265,0.11591713181453439,0.12798017938439615,0.07137164097972082,0.026703129674323596,0.0,0.0,0.0,0.0,0.0,0.0,0.0,0.0,0.0,0.0,0.0,0.0,0.0,0.0
0.0,0.0,0.0,0.0,0.0,0.0,0.0,0.0,0.0,0.0,0.0,0.0,0.0,0.0,0.0,0.0,0.0,0.0,0.0,0.0,0.0,0.0,0.0,0.0,0.0,0.003731489452712032,0.0014138665244265297,0.0,0.06615804989408239,0.03878309091005158,0.06032813159621267,0.2140096209830225,0.31391222063262575,0.35083755736426825,0.38227431982547594,0.33203739083202477,0.24483711743483472,0.4493791089554403,0.5144657621726191,0.5737721293290686,0.6142667861021898,0.7094186001044686,0.732486999014241,0.7024819816701711,0.7435437592303817,0.8694762029937066,0.8290930461453861,0.9326954484189622,0.9132914837498344,0.9526657071263851,0.9027331832616439,0.8736692442705954,0.9136372368459725,0.9554414665650856,0.9310813211382757,0.8931408405327163,0.9673636319675216,0.9649210121685473,0.823020783369687,0.7825418801361033,0.8287468352444793,0.7870888869803759,0.8837458271511002,0.7526903976592894,0.5988994835976461,0.739844245271858,0.7411051629402344,0.7388231802939176,0.5650500378056016,0.5570017114154464,0.5632514211121217,0.4606111880572431,0.4691222893387873,0.23520506490396703,0.40738304252927515,0.3382243618286173,0.293552890094093,0.18098930644995534,0.14500505070935715,0.12513888722036776,0.08496694177823647,0.020750074523204272,0.022825438926447145,0.022584541787229864,0.0,0.0,0.0,0.0,0.0,0.0,0.0,0.0,0.0,0.0,0.0,0.0
0.0,0.0,0.0,0.0,0.0,0.0,0.0,0.0,0.0,0.0,0.0,0.0,0.0,0.0,0.0,0.0,0.0,0.0,0.0,0.0,0.0,0.0,0.0,0.0,0.0,0.0,0.0,0.0,0.0,0.10855002675274888,0.15389904367248033,0.1969438578725332,0.2775924518783556,0.17497201609652907,0.3807293672094709,0.44340380324709,0.3995375130150465,0.5616652418201478,0.5188472778743423,0.6449625534113206,0.5694099088014076,0.5175242090970837,0.7672963795757792,0.7805697306487502,0.673504050179532,0.7071974207441595,0.8727340111329631,0.8293334083262225,0.8835019741536111,0.8415942263846464,0.8108685621048094,0.8703695853703192,0.9364165656565322,0.9716210189843901,0.9076492896168111,0.9090288940609247,0.9209009191107028,0.7849314538096683,0.7968900832165338,0.7546992670887794,0.8516358136874793,0.648287327170771,0.8550982296661888,0.795490897124311,0.5981670960656975,0.7133399489095005,0.5157550501081012,0.5831212630831901,0.5588621336607443,0.4639663293081814,0.24024993325322952,0.3121003260836666,0.342597077998923,0.30397181693029096,0.2881740620477044,0.11664962907763315,0.12450337551009479,0.16249616518430177,0.12247442765939898,0.13026875073428826,0.06038836023311554,0.0411199998808582,0.0,0.0,0.0,0.0,0.0,0.0,0.0,0.0,0.0,0.0,0.0,0.0,0.0,0.0
0.0,0.0,0.0,0.0,0.0,0.0,0.0,0.0,0.0,0.0,0.0,0.0,0.0,0.0,0.0,0.0,0.0,0.0,0.0,0.0,0.0,0.0,0.0,0.0,0.0,0.0,0.0,0.07145519414519533,0.036964330709017446,0.06324793065178731,0.09175888377089338,0.16552106057130128,0.20392689415686294,0.15980685004036876,0.4075774789884279,0.3491580232059176,0.5136290387783176,0.4375870350086123,0.5382066985024347,0.6207491491767527,0.6145388165288259,0.6552388879067775,0.728136674364802,0.7482861271971736,0.7565032066180927,0.8759153627154069,0.8340454370231963,0.8191309459856201,0.9034738562899268,0.9146281033963559,0.8345797984868502,0.8073276402218448,0.9362400288209469,0.9595686562628156,0.9646113160026991,0.9575381320863362,0.871475198435564,0.8306848408050478,0.9141539455787773,0.9445199166169022,0.87343804965557,0.8113202061462138,0.8237109011875335,0.8279779921084454,0.7626747231224474,0.716747297715856,0.6430638125161201,0.6091659576292292,0.555347905704398,0.3308237643474521,0.4391246851526751,0.3424488269111102,0.3426974484389115,0.2343142035471434,0.29818357041530197,0.2671015329518765,0.17516873854491097,0.2070003351868023,0.17326907333724265,0.12936748668075027,0.07238988328587835,0.0433581901195509,0.0,0.0,0.0,0.0,0.0,0.0,0.0,0.0,0.0,0.0,0.0,0.0,0.0,0.0
0.0,0.0,0.0,0.0,0.0,0.0,0.0,0.0,0.0,0.0,0.0,0.0,0.0,0.0,0.0,0.0,0.0,0.0,0.0,0.0,0.0,0.0,0.0006760203723860335,0.0,0.027312225288450474,0.0,0.023439989748431346,0.0,0.0,0.10671459186570942,0.05593505567109011,0.21527009447694115,0.2516797474710338,0.22948504093071947,0.252130647127357,0.3367977377719638,0.33196410830088896,0.4543920710979735,0.4647315312725871,0.602910442897621,0.6306249788453269,0.6210142066974932,0.6506187376083914,0.62850171349624,0.7999567053224058,0.8029496786121656,0.8560895989355608,0.8705588134502392,0.7827453886701391,0.6856442644130354,0.8215207182902414,0.8807154845259043,0.876521730230467,0.9346291003555844,0.840206702216752,0.8903847304680601,0.8923395131282222,0.9027429901038942,0.8565290533374044,0.8964844745690813,0.8451323941832188,0.8390613252597472,0.7705779227115555,0.6980118911843496,0.5265344413171487,0.6316071268991862,0.6923259317270817,0.5540463455605849,0.546904448921191,0.5698578201045876,0.42518530347547334,0.5085419951295465,0.32118260801933723,0.30132402960892773,0.2588781967463428,0.1954805955226132,0.12301535010803255,0.17005936902108418,0.06370088197837359,0.13057613056820994,0.08865079732610129,0.0,0.0,0.028352091584924025,0.005628005650797421,0.0,0.0,0.0,0.0,0.0,0.0,0.0,0.0,0.0,0.0,0.0
0.0,0.0,0.0,0.0,0.0,0.0,0.0,0.0,0.0,0.0,0.0,0.0,0.0,0.0,0.0,0.0,0.0,0.0,0.0,0.0,0.0,0.0,0.0,0.011272152546938115,0.0,0.010788534692848309,0.020574757028299168,0.0,0.0,0.05744157901811944,0.05668470557411569,0.07889894753446178,0.2297417863105235,0.18438478858837287,0.29677425181781714,0.379384253393392,0.3756192129988475,0.44603275516936436,0.5137804646813124,0.5449568191417058,0.6001175910956238,0.5274479857429898,0.619614753771433,0.6894106746032586,0.6998692154158361,0.7273460608953639,0.6848252003749021,0.6463075784927101,0.6225411884407746,0.8181578466391766,0.7244099456516053,0.7600007951677447,0.8218509989645955,0.8001665572374205,0.7402423364411648,0.8024889698031146,0.6958311107418801,0.8401195402836202,0.7146375745735585,0.7236547093959691,0.7842185884306684,0.7845545499766697,0.6225308295187135,0.7082004276933543,0.5849579165732898,0.6080153307505081,0.559783033138458,0.574292777320247,0.5686160180080675,0.5006196043472158,0.37826614543455717,0.3934388647985602,0.3541390228316646,0.3054182859595855,0.3018999370508649,0.13862970046840295,0.20490435148364314,0.1819260007649644,0.10633591514313956,0.054790943722285684,0.09107774018986027,0.0006792469863974165,0.05746251194866093,0.0,0.0,0.0,0.0,0.0,0.0,0.0,0.0,0.0,0.0,0.0,0.0,0.0
0.0,0.0,0.0,0.0,0.0,0.0,0.0,0.0,0.0,0.0,0.0,0.0,0.0,0.0,0.0,0.0,0.0,0.0,0.0,0.0,0.0,0.0,0.0,0.007199781151109974,0.025551552996330867,0.03252713962494347,0.0037086837387073773,0.02183546437408823,0.02620664817521741,0.12249786730829022,0.12958678514675018,0.1562952054549432,0.18483402303016103,0.12930072130273568,0.19020665418103422,0.27452184113809575,0.2444618645052791,0.2711430639386465,0.18713084176160427,0.2046445111710067,0.136241211032232,0.04863775281306573,0.17618574752802882,0.11722577773134586,0.2533469163383309,0.2472331759528365,0.4206548547307179,0.45732779042730254,0.5645618906750995,0.5763330909817229,0.48688299371240035,0.5119472021023662,0.6266004119244379,0.5577158436377883,0.5684626856216054,0.5189711906372254,0.39075965548914354,0.3382415104307651,0.48438837328039286,0.6522042192177281,0.6133708499518605,0.5935081354322173,0.6041865787464985,0.4906916558686029,0.49688292673893036,0.4606851952567853,0.45795890739701167,0.38176986948487973,0.5208402140957186,0.4909984935527604,0.3474860594643709,0.38279449790008263,0.3321287976463281,0.2944621813934026,0.23670923695723003,0.15664544317955403,0.07282254606672932,0.03607614891247792,0.061560149024916015,0.00297012909138282,0.04765826725761313,0.017146393373457518,0.0,0.023668685737939656,0.0,0.0,0.0,0.0,0.0,0.0,0.0,0.0,0.0,0.0,0.0,0.0
0.0,0.0,0.0,0.0,0.0,0.0,0.0,0.0,0.0,0.0,0.0,0.0,0.0,0.0,0.0,0.0,0.0,0.0,0.0,0.0,0.0,0.0,0.0,0.0,0.0,0.0,0.0,0.0,0.0,0.0,0.0,0.0,0.0,0.07236958558552292,0.08869051739761191,0.0,0.09454821747629254,0.10561272843035249,0.2050092362677976,0.3906311841827601,0.4266105978842338,0.5321500477256881,0.4696171922090647,0.44990125498056366,0.48561041399544697,0.480048452668795,0.4035483721121793,0.5638804476421218,0.631384509804889,0.7023341972126596,0.6147651670162235,0.6273553381356436,0.7127593427188654,0.757609458638141,0.7042686273662427,0.8228463299507878,0.7986796417490563,0.7137704065515311,0.7423205856858086,0.7499409554569443,0.6904136378546738,0.772265285829856,0.7228463848047287,0.7841902663023558,0.6698475278872451,0.7587483291180791,0.6801022426018701,0.6367726199116756,0.6873781791976318,0.6375820033567999,0.4984125981573101,0.475323439571182,0.38671424662125475,0.45596495862556174,0.398481462684995,0.326013733640622,0.12898759434889942,0.15795084391999353,0.18047230577736156,0.14065548088489152,0.08069353333986215,0.07053963343180517,0.0,0.0,0.0,0.0,0.0,0.0,0.0,0.0,0.0,0.0,0.0,0.0,0.0,0.0
0.0,0.0,0.0,0.0,0.0,0.0,0.0,0.0,0.0,0.0,0.0,0.0,0.0,0.0,0.0,0.0,0.0,0.0,0.0,0.0,0.0,0.0,0.00104671256234615,0.01275120594445679,0.004450842857761688,0.0,0.0,0.06267892195582928,0.06158321105423188,0.14788119491712826,0.20338458425472583,0.27002132922016286,0.2816433932442025,0.263880577335528,0.2650778825499643,0.39386810342591866,0.4639395392375903,0.4873678229037716,0.49332020552561245,0.4619267688441087,0.506341631031709,0.5339850205972367,0.5091836517903583,0.5270427866878843,0.431523046146316,0.3969115392840429,0.33643588895029963,0.4052890235733155,0.4452200879454327,0.4558691171629552,0.46715272537897407,0.4708289789018416,0.5866338582276759,0.5487410522753113,0.5740536891027059,0.5884750270194328,0.5027838513530727,0.3700731530727972,0.34785309457733404,0.3384401815069128,0.36347912730776405,0.2920651023215121,0.32998635663927156,0.23920030777219284,0.2785803734820235,0.2913006903206929,0.3005834793811331,0.2977470514075341,0.3186523201394597,0.2799935036128742,0.2134307204668268,0.2271077650786411,0.23706553767053404,0.2924010052389741,0.2505760957325979,0.2209706605118851,0.13891562003066393,0.09737468392136334,0.16653028658745278,0.056615587644222684,0.08807469420975073,0.03948719395121062,0.0,0.0,0.0,0.0,0.0,0.0,0.0,0.0,0.0,0.0,0.0,0.0,0.0,0.0
0.0,0.0,0.0,0.0,0.0,0.0,0.0,0.0,0.0,0.0,0.0,0.0,0.0,0.0,0.0,0.0,0.0,0.0,0.0,0.0,0.0,0.0,0.0012870499100934045,0.0,0.0,0.0,0.04962723801047551,0.004232626842930479,0.03467967109920354,0.051123424180105126,0.0,0.21806558198320122,0.26679409809530047,0.28004705818010334,0.314632453221231,0.42486357333482444,0.35873826910929285,0.5439749393822979,0.454992776687265,0.3928764905177695,0.6648694737749696,0.7057618309976406,0.7166458528096067,0.8129525872470472,0.8453669990084582,0.7766630734388059,0.8866440514698113,0.7390920611563081,0.8463682735643334,0.7996618932451112,0.9259524664352731,0.948447083572819,0.9448631472258945,0.8056822936324474,0.8995498705481918,0.9535085622038708,0.8970250111693572,0.9173222163339941,0.8079752240658893,0.7984427074199564,0.8900842620544582,0.7214893174283369,0.8205769496739016,0.7104703730817779,0.6159475291010124,0.6654862360360505,0.6975640954664756,0.6537482490266691,0.5633838900717711,0.6056916258134096,0.5598688797989217,0.5330169603676103,0.4859417919141054,0.32360688128265636,0.37875410743189664,0.23477682066134004,0.28258179420108587,0.14874187476883532,0.08788418442685055,0.05398290434309165,0.054742743504762076,0.0,0.0,0.0,0.0,0.0,0.0,0.0,0.0,0.0,0.0,0.0,0.0,0.0,0.0,0.0
0.0,0.0,0.0,0.0,0.0,0.0,0.0,0.0,0.0,0.0,0.0,0.0,0.0,0.0,0.0,0.0,0.0,0.0,0.0,0.0,0.0,0.0,0.0,0.0,0.0,0.0,0.0,0.026740409280504897,0.0,0.06667817290720189,0.1773825170150264,0.22374300970031455,0.14618360960655113,0.3200103213798119,0.14355225379828573,0.36329936231949445,0.26776293827737846,0.4945387876503483,0.521929153053009,0.5601267563325598,0.6000309519610415,0.5107056011744294,0.5435648637557174,0.6487062330437356,0.5850449543451981,0.6809109385958704,0.7199405148626286,0.6625496979361163,0.7045502427979751,0.6998121318047965,0.7952387595281522,0.8665374778878748,0.889767342783824,0.834716601317836,0.7096624062002893,0.7580122987987993,0.735134656470622,0.8275567099741736,0.7894259085012622,0.632505216566049,0.7683779061701305,0.6334494597313267,0.6155285531782472,0.6402279411110682,0.6231295182991143,0.5602500536001752,0.5796726633420295,0.5539215867433167,0.518879813006157,0.3528718515399405,0.45415316884226903,0.2502015049000422,0.2490855766867328,0.2745861937403263,0.18531477324671686,0.2343086660645,0.13335661515406289,0.12562243766213105,0.0736415680418812,0.014262729608751329,0.07533331474839121,0.0,0.004478089477456357,0.011990474470524093,0.0,0.0,0.0,0.0,0.0,0.0,0.0,0.0,0.0,0.0,0.0,0.0
0.0,0.0,0.0,0.0,0.0,0.0,0.0,0.0,0.0,0.0,0.0,0.0,0.0,0.0,0.0,0.0,0.0,0.0,0.0,0.0,0.0,0.0,0.0,0.0,0.0,0.0,0.0,0.0,0.0,0.02152506166949872,0.019378465659292576,0.012760031231094524,0.06471285575115543,0.09487470743548292,0.15237441797497306,0.15458579097229744,0.13654539379483635,0.17961415977328526,0.21381894194495266,0.30851061588468015,0.3489234722241119,0.3207799826384124,0.4339314379735554,0.3683632834638999,0.392409302538523,0.4380953383685481,0.38133489059121756,0.1393534020551516,0.19932547532714254,0.26996256679303154,0.4141410937997376,0.578172049624715,0.7115345688502585,0.7374336831623061,0.8238608123105473,0.7204412648097738,0.7545769188877295,0.7560734428676771,0.6183185502688617,0.6916455146980164,0.6022311031377907,0.5459938543301088,0.31953321080522346,0.4548726407274509,0.332283782655338,0.33082125452664585,0.41741349453920784,0.4327405211064925,0.26107052970429045,0.26931302198240586,0.31264830900080454,0.22177405644029302,0.25211400468874945,0.2952105945933011,0.23798167458534653,0.16726456231776662,0.10792110949678896,0.055866417096163384,0.08291111776496327,0.10781252711227182,0.06772826906457027,0.0,0.014980098621777412,0.004979031802660752,0.0,0.0,0.0,0.0,0.0,0.0,0.0,0.0,0.0,0.0,0.0,0.0
0.0,0.0,0.0,0.0,0.0,0.0,0.0,0.0,0.0,0.0,0.0,0.0,0.0,0.0,0.0,0.0,0.0,0.0,0.0,0.0,0.0,0.0,0.0,0.0,0.0,0.014442619463428924,0.0,0.03270109834394285,0.029469249729460675,0.028122472186133562,0.18371321015429065,0.20182999536585516,0.20886516544252667,0.25449191572689,0.21069579122234328,0.3066331814212874,0.2554875423429179,0.2925827892518169,0.30094756201525436,0.44520797898591385,0.4007084338807772,0.4465318658580363,0.47224459771260685,0.41684690410270986,0.4763136510442224,0.4595439328294436,0.5020112466592231,0.5050588875778987,0.6088958904930012,0.5522677296996926,0.5735704673771993,0.4990112053351944,0.48474680267101233,0.5356162436521656,0.5506182208520884,0.5969577726999906,0.5910369849999587,0.5395524341033855,0.5051157879414288,0.5224835262942824,0.4907917520867079,0.4608761586837242,0.4235018167930864,0.45752689136699454,0.3530676194246211,0.35995420573605014,0.25831842512851483,0.17752537308688954,0.2520252711386848,0.16339383904447397,0.15774571596540288,0.14262055425128567,0.14607745730246782,0.11769117744516439,0.08708637945350627,0.1214819757927854,0.09982677533451316,0.06226867613595476,0.09655065913926857,0.05394124851968095,0.05422985347772219,0.0,0.027663303789189003,0.0,0.014484828673173848,0.00927420527387975,0.0,0.0,0.0,0.0,0.0,0.0,0.0,0.0,0.0,0.0
0.0,0.0,0.0,0.0,0.0,0.0,0.0,0.0,0.0,0.0,0.0,0.0,0.0,0.0,0.0,0.0,0.0,0.0,0.0,0.0,0.0,0.0,0.0,0.0,0.0,0.022961710412528626,0.046568969659640067,0.008038477294489907,0.039991693679551785,0.14145979979423312,0.1669095441769606,0.17163915410975059,0.18156442338975362,0.12248833010197124,0.15883444836151614,0.2470904416307819,0.23771914060034488,0.15861163457156377,0.06327468323334562,0.19487624490046407,0.17804151004163826,0.19982157253077468,0.21231175919649245,0.22294238415703527,0.18856143019053123,0.1619959462419152,0.27114541902828615,0.28015249355539423,0.3480096823473985,0.341593647935174,0.21818046944621716,0.410796125563149,0.36721182271599845,0.46374855851366975,0.49901275365036557,0.47472046540756585,0.5221459809902339,0.6137053057098039,0.6357516329516016,0.5635386058978942,0.5206053649698792,0.3764224216250629,0.3819016436789245,0.37843961312071234,0.4053362872206025,0.26731720283564936,0.31430642520230806,0.2740827310333751,0.2189784886275984,0.19787925040200008,0.30679890058205944,0.2795382746013921,0.25694017441815964,0.13210266631616402,0.11403496749427916,0.16244475824785326,0.10309638959161194,0.11421318733278779,0.10797670822395752,0.11899229457299446,0.0011545819953081154,0.04602534567238386,0.0,0.018690397982474433,0.0,0.0014137637005847779,0.0,0.0,0.0,0.0,0.0,0.0,0.0,0.0,0.0,0.0
0.0,0.0,0.0,0.0,0.0,0.0,0.0,0.0,0.0,0.0,0.0,0.0,0.0,0.0,0.0,0.0,0.0,0.0,0.0,0.0,0.0,0.0,0.0,0.0,0.0,0.0,0.0,0.0,0.0405415408338084,0.05274395550132651,0.04903105093366013,0.03792191892572065,0.05539336500690306,0.07342788290834018,0.09561279807024078,0.08501031646622213,0.08936460861703074,0.11486463511799523,0.1234411169731987,0.15901678524146903,0.023665508022719023,0.04035955223324936,0.12304773428919767,0.22946391505205513,0.2380488684740436,0.18961196963905297,0.2923101443489375,0.2869922049054983,0.3259547610541086,0.2879682284859398,0.3347334483145929,0.3022971687524989,0.19426304063511063,0.21447629430145493,0.10420796740995089,0.15775014355120198,0.22208721786219232,0.13146122733953963,0.20876480482724302,0.17602944676626034,0.1344778189814389,0.17373687151496098,0.1600151492294804,0.19672589018123332,0.28362486810957066,0.30963574098216085,0.41642100445158653,0.40889047728294964,0.48803588877057485,0.49035164648700136,0.45607153757765284,0.447353935382285,0.4429891122873967,0.3809255811284792,0.3633135974326855,0.23756410374299386,0.2616751276710715,0.13709353323989804,0.12672883031229829,0.13088266151763156,0.11936244413151365,0.038082499561515284,0.004360114489563256,0.0,0.0,0.0,0.0,0.0,0.0,0.0,0.0,0.0,0.0,0.0,0.0,0.0
0.0,0.0,0.0,0.0,0.0,0.0,0.0,0.0,0.0,0.0,0.0,0.0,0.0,0.0,0.0,0.0,0.0,0.0,0.0,0.0,0.0,0.0,0.0,0.0,0.0,0.0,0.0,0.03812570833439599,0.0,0.13823385193272777,0.0,0.15226212626554353,0.09872589747221922,0.3105243377395005,0.38533173757752,0.3265508506993535,0.4589571500817617,0.5578946747833643,0.5863558886561145,0.5429452365601027,0.7014148331295313,0.6461707386494876,0.6013121769663787,0.7574489732294597,0.7828984964686483,0.8131987761630683,0.8450901566927456,0.9012797530910532,0.901018246780944,0.6368781184448549,0.7518058301807171,0.7784075202191797,0.8757690227909088,0.8487312516222298,0.750859257917148,0.8973601314819739,0.7226487916821744,0.7096935426507938,0.7167004931459788,0.781525144898075,0.6955779783150563,0.6252280965770377,0.7093864317878315,0.6430284603856313,0.6725387167360015,0.6703463452365223,0.658098733509207,0.6146427252199766,0.570048431273924,0.5121469795714526,0.3948306596479057,0.34076167433778887,0.31740463909186134,0.25183613929137305,0.18639476437374336,0.25288921240822093,0.09590732583877773,0.12356423112706637,0.10511251465836444,0.12777584927484298,0.0,0.0,0.009226102744897526,0.00723595256836175,0.0,0.01377427391972981,0.0,0.0,0.0,0.0,0.0,0.0,0.0,0.0,0.0,0.0
0.0,0.0,0.0,0.0,0.0,0.0,0.0,0.0,0.0,0.0,0.0,0.0,0.0,0.0,0.0,0.0,0.0,0.0,0.0,0.0,0.0,0.0,0.0,0.0,0.0,0.005040986757242096,0.007140667438034515,0.016180180164503552,0.0,0.10124840280744052,0.07967531325086816,0.19923474506830813,0.12189260595767992,0.27082665739301204,0.2369140008951616,0.2352266711970773,0.39239665890511105,0.3632396942108989,0.45888238679126525,0.3950746548400258,0.343610301320255,0.5505678285469312,0.6393897953245964,0.6456455136097464,0.5794051963334932,0.7433109153114336,0.7919173630210998,0.7600886057488472,0.7921498662583835,0.7496468779186217,0.8141351463033834,0.7451061985712295,0.7567677232390706,0.7651693890870852,0.7941767788619568,0.6776503390201337,0.7736257971893786,0.6934101418991091,0.7645828776615732,0.7297994427482339,0.6527249422994595,0.6125065078460694,0.684967381449226,0.5116024610319139,0.5920528690529344,0.5023991480492984,0.5756670502832839,0.5735946202382901,0.5228817404942148,0.5392244993765626,0.2980756323164026,0.3145206164710438,0.4428947852829206,0.2806839462711579,0.17229090176930156,0.3145600906809761,0.23781938443993206,0.19010719642989257,0.017904780084452426,0.0,0.07285277462195705,0.07580013698656095,0.03149534902194242,0.01634444514919663,0.0,0.0,0.0,0.0,0.0,0.0,0.0,0.0,0.0,0.0,0.0,0.0
0.0,0.0,0.0,0.0,0.0,0.0,0.0,0.0,0.0,0.0,0.0,0.0,0.0,0.0,0.0,0.0,0.0,0.0,0.0,0.0,0.0,0.0,0.0,0.0,0.017114006948016496,0.035502223687836246,0.0,0.0,0.037319630714289564,0.0989568723233685,0.14628973453495708,0.1545182521239955,0.17286469995677878,0.2694245015022896,0.35520158816695774,0.416787254502069,0.45794136964921534,0.5141276777041432,0.42149918319119833,0.4979167522779746,0.5565532295428128,0.5848628327197654,0.6906125165377756,0.7258687767182552,0.729835447942852,0.7018677858802287,0.631046959015005,0.5797258547360334,0.47810844795280927,0.5385554456727873,0.4442874958521079,0.4736304324946858,0.46293568387819306,0.3727138572264004,0.4209228087189259,0.4639102244807377,0.5580363346462996,0.6109020750295543,0.5187470678423727,0.6040394468912751,0.5515365092253034,0.4190333916913331,0.28559082413459635,0.2758925302131684,0.16572739277010876,0.13712154867331017,0.16580583144234612,0.12430343125892865,0.0,0.018195878259786906,0.0,0.0,0.03840635769468055,0.020477554955919436,0.04211989826502747,0.02245320935758922,0.002360883628970682,0.03366970196202296,0.0,0.0,0.0,0.0,0.0,0.0,0.0,0.0,0.0,0.0,0.0,0.0,0.0,0.0,0.0,0.0,0.0,0.0
0.0,0.0,0.0,0.0,0.0,0.0,0.0,0.0,0.0,0.0,0.0,0.0,0.0,0.0,0.0,0.0,0.0,0.0,0.0,0.0,0.0,0.0,0.0,0.0,0.0,0.0,0.0,0.022081791711177058,0.0030033071453327495,0.03257308857371109,0.0,0.0,0.15763672118692568,0.20823042167977318,0.19909247077832476,0.2318540930193515,0.3259380774206147,0.4616186690603144,0.4894952423013401,0.48398770796114127,0.6088018801958155,0.5682788910198472,0.6704943880397211,0.6453508099495717,0.46332728829035696,0.6714856544570754,0.6649869224891153,0.6070367202435987,0.6926257747330746,0.4284015063614589,0.5355560156408926,0.5771508320396737,0.6505108335688482,0.624965505143033,0.7029327769637027,0.6644390473247196,0.7545513442223591,0.7615103663830818,0.8016957512842711,0.7294772899240715,0.7291528786455294,0.6796209968011162,0.6510031750584293,0.6019896970201323,0.6308259122606763,0.5163732714450515,0.5482705370962802,0.4936763058263962,0.4799090744366306,0.5147056030500664,0.5361978559915335,0.4293025602087299,0.4220862250517828,0.3767241267009355,0.147411509006957,0.269114156170454,0.10803075121034034,0.14521654439929016,0.1085874166457491,0.09528144654586329,0.012791061704179915,0.07750419664888097,0.010644698664108693,0.0,0.002364110814946665,0.0,0.0,0.0,0.0,0.0,0.0,0.0,0.0,0.0,0.0,0.0
0.0,0.0,0.0,0.0,0.0,0.0,0.0,0.0,0.0,0.0,0.0,0.0,0.0,0.0,0.0,0.0,0.0,0.0,0.0,0.0,0.0,0.0,0.0,0.0,0.0,0.0,0.0,0.020827433866683336,0.011184216274719605,0.035419133723553875,0.025578212814313328,0.23529639777286732,0.27739754976270214,0.3353294900815973,0.34680313852538347,0.4083626760527375,0.44568316950489306,0.5696408364201289,0.5100432072624336,0.6281730554184595,0.6289034972142284,0.7306766980667292,0.7959325206721615,0.8222172335568466,0.8085138535726036,0.5357388349906056,0.8550950752624611,0.7642090337618859,0.770205100545328,0.6791042261709018,0.6699948003871818,0.6911836936781852,0.7645942051276001,0.8405018596466143,0.8163531474530448,0.7853634308825812,0.7822749582881976,0.7411518195876265,0.7859138081333367,0.8344991535268721,0.7614358143594249,0.7514839797309677,0.7649961818921264,0.7636438443418037,0.6998458603529514,0.6667031605531072,0.6287160442847461,0.6675534895447054,0.5933544703748249,0.4177442032115658,0.3518291364970229,0.3947933444260228,0.36911757818170976,0.3287495863815024,0.2881973577337068,0.24553833600462924,0.19185616370993672,0.2071166694589932,0.1247626333903699,0.0034097042257362764,0.026116787015939655,0.002841559102915489,0.023386036012290487,0.0,0.004459285880612528,0.0,0.0,0.0,0.0,0.0,0.0,0.0,0.0,0.0,0.0,0.0
0.0,0.0,0.0,0.0,0.0,0.0,0.0,0.0,0.0,0.0,0.0,0.0,0.0,0.0,0.0,0.0,0.0,0.0,0.0,0.0,0.0,0.0,0.0,0.0,0.0,0.0011204645024900303,0.0,0.0008636435429875411,0.06073068893614118,0.047092156593626686,0.027237769636556414,0.14011019605436661,0.22630800650945296,0.31223622585254585,0.35959253127816976,0.31298928303370355,0.48608978089615584,0.502421993796898,0.5507743508930462,0.5824946999624845,0.5491371369168058,0.7237546209409608,0.6855497642972248,0.7320884460827806,0.7651902250512823,0.7798634416793732,0.7927991598531064,0.7556938009728185,0.7786883078862203,0.7886449376292819,0.7364912587932243,0.7114107048426945,0.6026988779113707,0.6661767045407536,0.7141105169088203,0.6152554212556134,0.6611795368271869,0.7299844720344109,0.6949084837250127,0.6939884733952176,0.7058461260706343,0.6832010130057727,0.705670499776656,0.7018104704569735,0.7132344210939767,0.6868852628946696,0.6482879964628974,0.6283534455751896,0.6102339369469697,0.43214773454158906,0.4827133747201238,0.36034916282782864,0.42975321587087056,0.4208097159530352,0.37507358524600576,0.18935984172171658,0.26880578733213045,0.18463742143250478,0.057719959709563645,0.06037382807927999,0.02589824455247358,0.08197883005540783,0.0,0.03505046387228377,0.0021716212509115575,0.006947608450003018,0.0,0.0,0.0,0.0,0.0,0.0,0.0,0.0,0.0,0.0
0.0,0.0,0.0,0.0,0.0,0.0,0.0,0.0,0.0,0.0,0.0,0.0,0.0,0.0,0.0,0.0,0.0,0.0,0.0,0.0,0.0,0.0,0.0,0.0,0.0,0.0,0.024340738255538213,0.05232074924982441,0.10489673428060999,0.006198644880719556,0.1576439955840871,0.19863213854700423,0.27364173999323876,0.32124412376155553,0.3771319726351794,0.3783271294534559,0.5046094427445511,0.5098839827871725,0.4667954760418819,0.5569292558996585,0.6926269081261666,0.656884382945959,0.7137450759210123,0.6692540057880518,0.8393960362665717,0.7611539359244853,0.84338675025121,0.8676374275272757,0.8397762896010765,0.7376837765548083,0.7795841099899452,0.703203637424265,0.840934320793348,0.8635965620942494,0.8430549760742508,0.5469103502278627,0.7165774809698082,0.6776029594101174,0.6747190104257912,0.6080665749972869,0.6348144364547047,0.5244788627769927,0.6198805898177436,0.6566191057052166,0.5252991689704506,0.5809628990972409,0.6401654499756957,0.49800395599504077,0.5001680340405317,0.4690117482543097,0.34406591449416796,0.3786367406269445,0.37799823794555976,0.3491884415685322,0.2937149249120555,0.16976057343173176,0.13517272230591637,0.16202482256748368,0.12147220837174634,0.051122422742661475,0.03742578126562493,0.0,0.0,0.025015653017806727,0.0,0.012743201396434055,0.0,0.0,0.0,0.0,0.0,0.0,0.0,0.0,0.0,0.0
0.0,0.0,0.0,0.0,0.0,0.0,0.0,0.0,0.0,0.0,0.0,0.0,0.0,0.0,0.0,0.0,0.0,0.0,0.0,0.0,0.0,0.0,0.0,0.0,0.0,0.0,0.0,0.0,0.043957566389822594,0.10779335880069232,0.05439202686818381,0.10361374876562195,0.26656648164110486,0.3101802489841369,0.22673854362408208,0.3029393818958761,0.33851067022952286,0.5108658526940357,0.5458058672702624,0.5996084513647844,0.38491428542636813,0.543231762460024,0.6634858897745626,0.6880469664076571,0.7044931387071519,0.7223658628602566,0.6459414688804683,0.5187064291041789,0.5342824422460654,0.6064300949728447,0.6318692243782271,0.5932795180883386,0.5240603575268361,0.5846407524946909,0.618116833947565,0.7176146168552506,0.7295254767312789,0.7574513273353699,0.7124215684343935,0.6942745238193947,0.5541043206133887,0.604206574804154,0.5363917463093999,0.48904208432396795,0.5120544723053462,0.4827697350535881,0.5169196833658896,0.4346838184908727,0.4635432653624649,0.40142606605773434,0.35880233064850875,0.41178396118575633,0.38256722043515423,0.2722070825352334,0.3017482239186451,0.25204447954177456,0.26726712954627935,0.10416071842517383,0.04469255200978681,0.08417952971367015,0.09900108827164619,0.0,0.00243207608958991,0.0,0.010977406806201857,0.0,0.0,0.0,0.0,0.0,0.0,0.0,0.0,0.0,0.0,0.0
0.0,0.0,0.0,0.0,0.0,0.0,0.0,0.0,0.0,0.0,0.0,0.0,0.0,0.0,0.0,0.0,0.0,0.0,0.0,0.0,0.0,0.0,0.0,0.0,0.0,0.013043103075715066,0.05117137211298556,0.0863273994952771,0.08293347561798856,0.1212974378858122,0.1303496381576254,0.11982900576734526,0.18514352362794395,0.1247990917943487,0.2773643247490742,0.28485143137993785,0.28719723512316886,0.434804478285128,0.4629655712581659,0.5208437367561286,0.5717634830050051,0.6046510074986285,0.6382188530469082,0.6141050039278091,0.5486942762807681,0.6187629581182892,0.5091326623428672,0.5512615201940058,0.5976597622534425,0.6158582449523616,0.5686150734252643,0.48824124289891013,0.6240838380957565,0.5364807491957685,0.6521071943082903,0.7164882657247559,0.7027930894191008,0.7047467060659214,0.7038034935083836,0.7294331180073192,0.720995483853077,0.6684242768486335,0.5828315814342098,0.640077431446056,0.6333222446398667,0.5111596420319708,0.654751614595589,0.5388016499609893,0.48252399632615234,0.4763454301844757,0.36524282453895346,0.35871188952709593,0.20258940412449733,0.2158509270588093,0.2581725299000869,0.17892267229890357,0.05792857788853209,0.09348460702532502,0.1122122441796161,0.0905393052127315,0.03540301006903457,0.0,0.0,0.024126037179520478,0.0,0.0,0.0015863935402522789,0.0,0.0,0.0,0.0,0.0,0.0,0.0,0.0,0.0
0.0,0.0,0.0,0.0,0.0,0.0,0.0,0.0,0.0,0.0,0.0,0.0,0.0,0.0,0.0,0.0,0.0,0.0,0.0,0.0,0.0,0.0,0.0,0.0,0.0,0.0,0.0,0.0,0.019973412712981885,0.0,0.07985883120683475,0.052730975393365805,0.07420928114205465,0.10206351190968213,0.15152262873877448,0.22631463690079245,0.2533338632330534,0.2649860664225314,0.2787204251857029,0.30089278563203964,0.2858346657316995,0.34589420561634204,0.3900086659727861,0.35726913918751046,0.3933459310641391,0.4802106663331383,0.39801844994658386,0.3439593809688851,0.2752485659275502,0.3152286471179039,0.39509679112370827,0.261739892220456,0.2605961366318272,0.24727876063218812,0.2780848210257274,0.28046799223208035,0.30821306672431664,0.3613622366348619,0.2747346543120863,0.25961447295028084,0.3157978245989604,0.38772480420388167,0.3428745042628027,0.3788460769808751,0.3817179748133589,0.5092463112868446,0.49382457602607915,0.49522862985621086,0.47708459368284095,0.5059280709716336,0.38942964554873616,0.390668047078159,0.3297764557904448,0.2405415385070362,0.29810882558742047,0.20134589683923332,0.12330459792794299,0.11139413887143355,0.13729135058318154,0.11462815184311471,0.09382341296679209,0.05109674700595027,0.006683582387447831,0.023647301131403706,0.0,0.0,0.0,0.0,0.0,0.0,0.0,0.0,0.0,0.0,0.0,0.0
0.0,0.0,0.0,0.0,0.0,0.0,0.0,0.0,0.0,0.0,0.0,0.0,0.0,0.0,0.0,0.0,0.0,0.0,0.0,0.0,0.0,0.0,0.0,0.0,0.0,0.0,0.04677230565334026,0.0,0.050298416050833177,0.04617038800908596,0.12694609333612378,0.10196363423916635,0.2399855988202529,0.2931279954809517,0.29366257550154745,0.3528659972882113,0.3041385858072191,0.4787818063339696,0.5654790876521646,0.5373412784644706,0.6082485450408538,0.6819173016747292,0.7197177689200972,0.7015978206098723,0.8312496185440962,0.7156867315058304,0.7270848606183302,0.8580819576665945,0.822192037501598,0.8241526052117932,0.8896995821453564,0.9273895299782774,0.8753252576421775,0.8098068520077122,0.9135200065422031,0.8734523091097628,0.7315869036545328,0.8508297261820925,0.8972062129664272,0.7949901597923301,0.699661628158649,0.6966325710289275,0.6802184821421844,0.5776144592923615,0.6037774150547969,0.59364211848671,0.49548375126098276,0.4099866160937587,0.45256960819792647,0.4382470781772982,0.3839555653200384,0.3961901352346524,0.29696428960351384,0.34045578877151317,0.17579093118688116,0.2595119670574642,0.19543960604740873,0.19574503204020294,0.10758486775681361,0.036931526941565374,0.10211260326514683,0.0,0.0,0.0,0.00917776973967244,0.0,0.0,0.0,0.0,0.0,0.0,0.0,0.0,0.0,0.0,0.0
0.0,0.0,0.0,0.0,0.0,0.0,0.0,0.0,0.0,0.0,0.0,0.0,0.0,0.0,0.0,0.0,0.0,0.0,0.0,0.0,0.0,0.0,0.0,0.0,0.006865045231883093,0.0,0.028113773991403863,0.0,0.04141844934817186,0.02785465016530031,0.14684406353571253,0.1887277157798955,0.22514612384551738,0.17126688385848565,0.28490068586784273,0.08309797462753107,0.25576782666013514,0.31263336207925263,0.2500950868000147,0.39296118793516166,0.5073870419489892,0.523779866339663,0.44652739365831173,0.5121550188711681,0.5173568994589667,0.5910017830213616,0.57835586665886,0.4980753579772438,0.6020115580640921,0.5470954527727003,0.6369912421974118,0.4538179668536276,0.516683693469419,0.5874863541624675,0.48571990426828504,0.6402397301001657,0.5299846247012973,0.504927999429172,0.6813865304740482,0.5667827665095431,0.7306448896244727,0.7566573775110697,0.6968035487488647,0.7640131224496977,0.6301049371221334,0.6935711522995945,0.6453460567691708,0.6867735384999544,0.6332573588166844,0.5632666665356325,0.545003589226114,0.4673177866845591,0.45982100686805233,0.26877964080853206,0.229924214961444,0.3033177703233704,0.1676633273735626,0.19246098122189673,0.1610179534941608,0.03276285775474953,0.0,0.030888062225811523,0.0,0.0,0.0,0.0,0.0,0.0,0.0,0.0,0.0,0.0,0.0,0.0,0.0,0.0
0.0,0.0,0.0,0.0,0.0,0.0,0.0,0.0,0.0,0.0,0.0,0.0,0.0,0.0,0.0,0.0,0.0,0.0,0.0,0.0,0.0,0.0,0.0,0.0,0.00402626408391292,0.0,0.0,0.018389745395342015,0.004893223132763455,0.03248045742235368,0.10066157877733194,0.0927361923052155,0.13882605893564848,0.14043178731894135,0.20566843522196354,0.2866720879734684,0.35355874959093253,0.31475774274173807,0.352574293242541,0.4262916089044875,0.4702872194798834,0.4063911464361174,0.43782710133865876,0.46656697201755654,0.4389057512683305,0.314636572869916,0.44892884966455016,0.3652882117144857,0.26994308358519153,0.3092011494233598,0.344393027932639,0.3383313290589487,0.37030046262375843,0.38941183457433715,0.4718791563226091,0.5272781227272108,0.6332152682964681,0.5439466819184491,0.5787356835450244,0.6124447354985522,0.6248415242044396,0.5100177522159417,0.5160496273254606,0.40580834665450694,0.555640016306741,0.4773920956171353,0.4137575389308544,0.39608608919498745,0.39078229589761765,0.29270946278147647,0.16587119747893628,0.2457861410513052,0.2361784538613827,0.2670122729718766,0.25481761917982165,0.24222691769034554,0.07857404863092446,0.13905374782721985,0.0349061550805439,0.04607089090700962,0.0,0.05490184175697646,0.002421565275937551,0.0,0.0,0.0,0.0,0.0,0.0,0.0,0.0,0.0,0.0,0.0,0.0,0.0
0.0,0.0,0.0,0.0,0.0,0.0,0.0,0.0,0.0,0.0,0.0,0.0,0.0,0.0,0.0,0.0,0.0,0.0,0.0,0.0,0.0,0.0,0.0,0.0,0.0,0.0,0.0,0.05721619018339013,0.06458471043483649,0.002816676816564473,0.03261509186598904,0.020345897186031234,0.04529261799281431,0.10990067601050445,0.08078150085769398,0.2105426754605686,0.13150040697640045,0.19866249618527398,0.21354983204510267,0.13186734772791442,0.22470218625322125,0.2354525121976871,0.2442501943368133,0.16541446113639674,0.25470951778709316,0.22466293841373397,0.323298679049543,0.3470443870564292,0.3563220210983889,0.3551003119018632,0.409064367091748,0.43302367500646416,0.372626799420314,0.48559641559505534,0.4291566882044292,0.43136945558616135,0.5494009119700608,0.4263795127534043,0.5062579509210542,0.6088387563834949,0.5843444469517364,0.5205371431935608,0.5299105441840489,0.6188441003663534,0.5778411750067194,0.6135046554574923,0.565960020961635,0.5960982454223857,0.5702447720154429,0.5209081528131261,0.5171962139083786,0.46457822869730403,0.38748338214570055,0.2920888176682764,0.3434980649957636,0.29321448388560334,0.1998865582557576,0.12565523521009453,0.13283175095988653,0.07784858811764879,0.02056996748542922,0.041387711219928194,0.0,0.03931762772114516,0.0,0.0,0.0,0.0,0.0,0.0,0.0,0.0,0.0,0.0,0.0,0.0
0.0,0.0,0.0,0.0,0.0,0.0,0.0,0.0,0.0,0.0,0.0,0.0,0.0,0.0,0.0,0.0,0.0,0.0,0.0,0.0,0.0,0.0,0.0,0.0,0.0,0.016333529574029705,0.0,0.0,0.02803769797513944,0.009843930292974229,0.18684312055703822,0.19477406523216634,0.23124092053200307,0.23222252151149872,0.3126907092775015,0.3496528286088686,0.35185279726238483,0.4594034109167831,0.4119960743297387,0.5765424470886586,0.5282522869155832,0.6077691892762394,0.6277486521391135,0.620633505313055,0.642100908398281,0.7148096431746357,0.8124141196873521,0.812980830576352,0.7629211752444321,0.7427550885920575,0.7891536504304605,0.788503413437361,0.7969014593642045,0.8328185726389539,0.8555342724544988,0.6653975234532079,0.7797625998009323,0.6909742166973538,0.7968005236474318,0.6743392404333817,0.6038737358263879,0.6250757793746974,0.5705810312811144,0.6587432808089811,0.7079681371158283,0.6299539250579016,0.6278311497898866,0.5020319446526107,0.5591853570060049,0.295546954879702,0.36901111570151085,0.15103840701089272,0.3167322992706283,0.1798799080373807,0.15563128085578506,0.1703608174979297,0.025199762329845388,0.0,0.07591725093345177,0.04706638084356561,0.07154075489629755,0.0,0.0,0.0,0.0,0.0,0.0,0.0,0.0,0.0,0.0,0.0,0.0,0.0,0.0,0.0
0.0,0.0,0.0,0.0,0.0,0.0,0.0,0.0,0.0,0.0,0.0,0.0,0.0,0.0,0.0,0.0,0.0,0.0,0.0,0.0,0.0,0.0,0.0,0.0,0.0,0.0,0.0,0.0,0.0,0.03956840584084232,0.05792204260564194,0.01048290007724366,0.049258522594023746,0.05525512494930425,0.13876116634046945,0.14428182325412492,0.16354766142096777,0.22462789760952878,0.32768836566163684,0.3823959311318771,0.4351228029166077,0.43465914322849886,0.4794426086068053,0.44614608383327264,0.5410464495517501,0.5810339292029791,0.4651947894393796,0.48528915874047696,0.5680299984786568,0.5291800346986177,0.5046671508151911,0.6851371232389794,0.7783146286718672,0.7707001100895714,0.7445434416780341,0.6037999912009705,0.7302542352219433,0.571414010942131,0.6222517877917919,0.4634095947330062,0.5958138794864366,0.5380233190788113,0.5460205608661002,0.5330984169454407,0.5790976071613235,0.5863944962262635,0.46522933406772055,0.44723737129513963,0.3111611811974647,0.3816081828397864,0.33509937051894984,0.2475478484744188,0.24423789930436202,0.1948787449106152,0.09702666873192362,0.13288899150831462,0.1509600625143762,0.11652189594633434,0.10688179572171436,0.08106427186323972,0.0,0.0,0.0,0.021034815277292986,0.0,0.0,0.0,0.0,0.0,0.0,0.0,0.0,0.0,0.0,0.0,0.0
0.0,0.0,0.0,0.0,0.0,0.0,0.0,0.0,0.0,0.0,0.0,0.0,0.0,0.0,0.0,0.0,0.0,0.0,0.0,0.0,0.0,0.0,0.0,0.0,0.0,0.0,0.02162675078261103,0.0,0.06213873043902065,0.09306932345842811,0.06006923821962862,0.0956077437229231,0.16765036556991247,0.12224443375828596,0.2832923395247887,0.2415794170762284,0.3439757695720276,0.3413391073259123,0.3764487430357296,0.47904392217335606,0.45014051809673583,0.48626966834221663,0.6212695344664074,0.6133176959363473,0.6321887798686103,0.7329675421919177,0.6945562880216076,0.8307895139143062,0.8107373511350635,0.7654106576754172,0.7825385538582611,0.6945294971136012,0.8212974703610286,0.7073374000118666,0.7264087113147544,0.7508685193199484,0.652168135102384,0.6391399917090186,0.6619893395897642,0.48693430228310697,0.6005949087507417,0.47207784031876054,0.39633975342147243,0.4840890179132944,0.4077136842754292,0.525104131674554,0.4068143831334147,0.5664930564299426,0.5144741846517258,0.4736147202887564,0.4376521268084225,0.2737552741980431,0.3536651391313493,0.34201116643886176,0.2919785647433667,0.1882198916330231,0.22040334241785664,0.11585323692882837,0.11733431675467937,0.0167119680059144,0.0873988920743794,0.07732444882318606,0.0,0.0,0.0,0.010240284328817847,0.0,0.0,0.0,0.0,0.0,0.0,0.0,0.0,0.0,0.0
0.0,0.0,0.0,0.0,0.0,0.0,0.0,0.0,0.0,0.0,0.0,0.0,0.0,0.0,0.0,0.0,0.0,0.0,0.0,0.0,0.0,0.0,0.0,0.0,0.0,0.017202726516842216,0.0,0.03205441158155007,0.0010395768519000093,0.0,0.04411405750940703,0.13152209495245012,0.2109001983590823,0.15970424770927294,0.3724245498190168,0.419106213391412,0.2401377698759473,0.4693357662187296,0.5051489884156399,0.5197588429733913,0.6097899621992369,0.5427773432082663,0.617250039715152,0.6221781319141617,0.7488505965867591,0.6659161908294755,0.7830995081865733,0.7834954565247159,0.7181281744414687,0.7435708544455248,0.8147896474660729,0.8277601981142391,0.7343039947698488,0.7752526737443151,0.7144242527223156,0.6547217799911399,0.5235282458930473,0.6436976368516611,0.4990845886123735,0.6141285892438307,0.6083528632243392,0.5463144368280088,0.6626558281782847,0.6550414907690311,0.5875070415340179,0.5677420349768072,0.5642762484230042,0.52389813370498,0.504722078847184,0.3235260313989766,0.46082039173050127,0.3682145505201916,0.3933249980954865,0.35936816173558606,0.2501860461549491,0.2718723861569718,0.17512335799367446,0.16971610016932676,0.09655763542946962,0.12036780524051255,0.029427329287053133,0.0517002512428002,0.0,0.0,0.0,0.0,0.0,0.0,0.0,0.0,0.0,0.0,0.0,0.0,0.0,0.0
0.0,0.0,0.0,0.0,0.0,0.0,0.0,0.0,0.0,0.0,0.0,0.0,0.0,0.0,0.0,0.0,0.0,0.0,0.0,0.0,0.0,0.0,0.0,0.0,0.0,0.009779080304416717,0.0,0.016380988814197618,0.0,0.09953395311033005,0.056788176935451934,0.11429082161429702,0.13877179349865337,0.15997918490544488,0.20633943801950488,0.2559202705945459,0.3463496915830695,0.4513698519149402,0.4798473372755113,0.38325170449721957,0.5261029774880063,0.40563757187995597,0.5754256135212372,0.5924970045017919,0.6043234403288114,0.6406801405673997,0.737085466857019,0.6867243476210976,0.7221200656763791,0.7587727853488503,0.7779416404060773,0.7794247185248315,0.8783553851637302,0.8008635533749412,0.7480175687715214,0.8069137469661449,0.7651947027113274,0.7308073283197307,0.8539588390607673,0.8664189192494066,0.7485555798561496,0.7948385109222178,0.8094399321171133,0.6878187965866707,0.68381255990217,0.759298823344521,0.564455918896085,0.7114124448946445,0.5855671470150752,0.5267252096478038,0.5311992918770395,0.3225376274899525,0.4428281950714045,0.414795454841139,0.3715017882024202,0.2896195072789595,0.17168037593114566,0.19412438323142014,0.1284230716877114,0.08019123080858505,0.08108397466925342,0.034445089072045285,0.019495392484213208,0.023899739592687902,0.0,0.0,0.0,0.0,0.0,0.0,0.0,0.0,0.0,0.0,0.0,0.0
0.0,0.0,0.0,0.0,0.0,0.0,0.0,0.0,0.0,0.0,0.0,0.0,0.0,0.0,0.0,0.0,0.0,0.0,0.0,0.0,0.0,0.0,0.0,0.0,0.0,0.0,0.0,0.029168317388187454,0.0,0.015958367035241228,0.15451025139842642,0.046005408393640645,0.17817953647796875,0.14950686947524713,0.20843288289559106,0.3789053457855654,0.37932873134818174,0.434213974599753,0.542761489693404,0.5952307146762866,0.5803921264946291,0.6309767378876382,0.5610858139151638,0.7544867282291552,0.6810599331905669,0.7866647658167442,0.8359149273657749,0.8198580975244874,0.7987707461873498,0.8953958684568258,0.8075429535147775,0.8900400788796596,0.8613792431595154,0.919503814586081,0.8761117468837646,0.755903673122536,0.7601797846670153,0.8396643091905414,0.8920197492990148,0.8242438888399072,0.6848113304564405,0.8146870350122809,0.8014160968467728,0.7556347118369238,0.7639155836153163,0.6276447809699695,0.614012300880734,0.6464851102147371,0.56229360071159,0.5976611180609435,0.5245060401916939,0.4244458779553403,0.36948755651562404,0.3732770108406571,0.3416801700294606,0.22581129694604501,0.22230372687979796,0.1974203425200067,0.15589462285426472,0.06431559102847716,0.04163549478939428,0.0446812679621242,0.034311468981407356,0.010626700890030892,0.0,0.004773663747340066,0.0,0.0,0.0,0.0,0.0,0.0,0.0,0.0,0.0,0.0
0.0,0.0,0.0,0.0,0.0,0.0,0.0,0.0,0.0,0.0,0.0,0.0,0.0,0.0,0.0,0.0,0.0,0.0,0.0,0.0,0.0,0.0,0.0,0.0,0.006212734169867936,0.005976212637592775,0.013336591787600067,0.0,0.06320955597797341,0.026213581150083723,0.07903584021591839,0.07023616749518702,0.16953417316207864,0.22006031610535218,0.2641059971829655,0.1712268378221243,0.43280856943742213,0.4994274824273147,0.42565680104835224,0.5267197105768886,0.5890980391682357,0.6298362462789143,0.548154142998304,0.6963522851472528,0.7358768298093386,0.7036335775314485,0.8010291975351957,0.7030869620144813,0.7322709214529484,0.8500362921653706,0.7737688961398131,0.7780875465891515,0.7654521571488971,0.6963860079561787,0.8369490633663607,0.8808743452522423,0.7628386783866203,0.8245523373304937,0.7905207132742424,0.7499184111292466,0.8034332084292634,0.8218257518514406,0.7664196902938231,0.6687814647347906,0.646506877234864,0.696674293412691,0.5786176454575045,0.5568838716599063,0.5189766432123576,0.44568291025085505,0.443371262747075,0.4807858033792014,0.42921597031445724,0.2639462759234118,0.23771913818259477,0.27161661410521326,0.21593810399722585,0.08926002957378353,0.14540284538795376,0.09941722500844491,0.06484535491474389,0.0,0.0,0.0,0.0,0.0,0.0,0.0,0.0,0.0,0.0,0.0,0.0,0.0,0.0,0.0
0.0,0.0,0.0,0.0,0.0,0.0,0.0,0.0,0.0,0.0,0.0,0.0,0.0,0.0,0.0,0.0,0.0,0.0,0.0,0.0,0.0,0.0,0.0,0.0,0.0,0.0,0.018268060232718816,0.0,0.03341467363391737,0.01656717322334944,0.08031686464413246,0.15273856833577992,0.18427598893951586,0.18955331691731697,0.2066418294095922,0.33033554053530556,0.2627418699054261,0.4375191875811144,0.4985775825027324,0.4726458596690798,0.588133109681874,0.598454135469705,0.6390690447656416,0.7143266226280982,0.6375148880730825,0.7752544348694375,0.6977247391696494,0.7748119194492166,0.8003069322321505,0.6368644675119566,0.8586517708165785,0.8319012474587546,0.7067496401639467,0.8165100618770719,0.8961293739304399,0.74583729743051,0.8303080995387409,0.8118124286527472,0.8461488801803358,0.8547617750585017,0.8207103295270652,0.8302447353040431,0.7279334996493556,0.709411653616918,0.7504283051080263,0.5827966012150644,0.5933945137242762,0.643170439417986,0.5980571407655385,0.5828195295949581,0.44240484937771085,0.4664830472079129,0.40801039521452775,0.3158292607984509,0.35880834726911914,0.2571216848251511,0.14110345053316198,0.04099696302716052,0.06054686696608648,0.10892041187821827,0.0,0.0,0.0,0.0,0.0,0.0,0.0,0.0,0.0,0.0,0.0,0.0,0.0,0.0,0.0,0.0
0.0,0.0,0.0,0.0,0.0,0.0,0.0,0.0,0.0,0.0,0.0,0.0,0.0,0.0,0.0,0.0,0.0,0.0,0.0,0.0,0.0,0.0,0.0,0.0,0.0,0.0,0.0,0.0,0.004351978380391114,0.07016817675727664,0.07280657759065404,0.12443687774154702,0.17287402410833033,0.16697985410661118,0.2880993155295628,0.34283453911782213,0.3560306761011554,0.3436988203812637,0.29854579509806595,0.2971477255840941,0.24224835282685578,0.274785286058178,0.26447711959795084,0.35212063955549805,0.312145884454199,0.46754849655537456,0.5448928199913723,0.6038254289248582,0.5699730550855293,0.7076108268640391,0.5896568987066477,0.5895586037174111,0.4893148087544521,0.47889183319727857,0.5972346777648929,0.52807626108639,0.7371450504635738,0.7116027380459247,0.6846156388416964,0.5905713182893306,0.4540454434363992,0.477247103582653,0.48610298287773435,0.49126382206851577,0.438745621002836,0.3799699944471042,0.4591811231358485,0.4451812773277738,0.4151190675832784,0.42301932775440093,0.40821300989432824,0.3494103294429946,0.2828047686209816,0.17663127739282314,0.1328888308864003,0.0,0.07542772059991333,0.06348634921652385,0.0,0.0,0.0,0.0,0.0,0.0,0.0,0.0,0.0,0.0,0.0,0.0,0.0,0.0,0.0,0.0,0.0,0.0
0.0,0.0,0.0,0.0,0.0,0.0,0.0,0.0,0.0,0.0,0.0,0.0,0.0,0.0,0.0,0.0,0.0,0.0,0.0,0.0,0.0,0.0,0.0,0.0,0.0,0.00745540816396253,0.013685594783465873,0.0,0.05961290657727774,0.08092150539039263,0.03353177312494606,0.051038488666974184,0.06024813691184047,0.07113954205894873,0.04961033813007488,0.04886525776812555,0.09782121688919185,0.08059172493414171,0.09441116055287706,0.10297366688907009,0.09885274102208592,0.0853718944515359,0.057816256214530244,0.07444442448831279,0.0464748977659707,0.05747420692108662,0.05925096873851446,0.07299049341087957,0.08037804308498968,0.0773196306237367,0.10422963532661789,0.09297229465449763,0.09777422876561104,0.12046124995151371,0.17121611057873856,0.15422055935300877,0.15192554853814305,0.14794298999593553,0.1334096703140955,0.1255721899599559,0.1743118603128426,0.16389783932589458,0.14194756775999245,0.14318890031764128,0.15012409718388703,0.1315539026638119,0.1463428379108499,0.12278691309108423,0.09761334996449504,0.11273877811070682,0.12252468676040171,0.1108381305918987,0.1020862325601145,0.110810683975702,0.10382762065086054,0.08458919747710096,0.07061290830137772,0.049162793661746695,0.04514213226497829,0.015460857493731404,0.01109376113000313,0.009117264808524933,0.0,0.0,0.0,0.0,0.0,0.0,0.0,0.0,0.0,0.0,0.0,0.0,0.0,0.0
0.0,0.0,0.0,0.0,0.0,0.0,0.0,0.0,0.0,0.0,0.0,0.0,0.0,0.0,0.0,0.0,0.0,0.0,0.0,0.0,0.0,0.0,0.0,0.0,0.0,0.002772034531333135,0.0,0.0,0.01664731857040125,0.055021007875809415,0.11603865752110128,0.1020546429473459,0.14090676196334614,0.2311150869362376,0.17673361120207212,0.17911702437505234,0.3319322358144444,0.33453581482551026,0.34862682189759026,0.3595898823949355,0.4703027954526326,0.5388172882787097,0.5398583628012744,0.5386787234068674,0.5581201476877871,0.6236473429450728,0.6580558751567441,0.6365288869049741,0.663661699595349,0.7322835195781798,0.734366701807986,0.6464125487501592,0.7950060307395946,0.7251605424462395,0.7406480546839495,0.6495214137804951,0.7175860385382179,0.7322730968777801,0.6824410594758399,0.6804522293057754,0.6579763022757494,0.5768741195570082,0.6255057605704311,0.46049139843784065,0.5403039030741725,0.5062787450887863,0.4916555152269703,0.37131957751977773,0.44333861429609467,0.24399737757830817,0.3659427294371517,0.25566199431198117,0.22081648303457033,0.15221020953377942,0.10135448780927364,0.05393334106924502,0.0743291201208846,0.07495330305983924,0.0,0.0,0.0,0.0,0.0,0.0,0.0,0.0,0.0,0.0,0.0,0.0,0.0,0.0,0.0,0.0,0.0,0.0
0.0,0.0,0.0,0.0,0.0,0.0,0.0,0.0,0.0,0.0,0.0,0.0,0.0,0.0,0.0,0.0,0.0,0.0,0.0,0.0,0.0,0.0,0.0,0.0,0.0,0.0,0.01126859871732433,0.0,0.0,0.042862582111793064,0.07586486997065287,0.13497157427444023,0.11624165442080292,0.12024624854978949,0.16794702159933678,0.3054291929081414,0.38026605730498536,0.38183178102779664,0.5112881287223915,0.5353337771171119,0.5669114525908332,0.5452671549250064,0.7176809259487036,0.7244029279127576,0.7733110907889558,0.8126930069114491,0.8090878225110404,0.8278288694773062,0.7844158204361353,0.7261657802652164,0.8721669897049573,0.8514450669612121,0.860865385774828,0.9210566598137986,0.814416803550008,0.831111504748624,0.9177372203383946,0.9027911737519376,0.8129030396352076,0.7890935908754972,0.8563208373025567,0.7529321598630817,0.6807840713289234,0.7175237317352803,0.6857162499897297,0.5784270000907563,0.6037046244281394,0.5355298308979703,0.4276169157392411,0.4328310431527248,0.46642156019008624,0.4153897826861604,0.41903409300555317,0.36609546428693784,0.3411388112665016,0.21569385390120438,0.23492506142731207,0.10628580805325681,0.06977119314983113,0.03968263184542681,0.04376239873962581,0.0,0.0,0.0,0.0,0.0,0.0,0.0,0.0,0.0,0.0,0.0,0.0,0.0,0.0,0.0
0.0,0.0,0.0,0.0,0.0,0.0,0.0,0.0,0.0,0.0,0.0,0.0,0.0,0.0,0.0,0.0,0.0,0.0,0.0,0.0,0.0,0.0,0.0,0.0,0.0,0.0,0.01809801185579713,0.0,0.0,0.07408675666266812,0.0,0.10091884395881084,0.1696970736144736,0.2734114024664663,0.14505568308462607,0.2868790635426769,0.40796315578977266,0.45022340488568635,0.39033303395660934,0.5830582489003329,0.6018430228135577,0.6681638633091209,0.6373589451443394,0.7057118525807222,0.6653128193221681,0.7241680198184475,0.8112479078770797,0.7062874180424411,0.8665615523567329,0.8777557503236508,0.9103150479446401,0.9003820326385027,0.770135454536493,0.9368627701312857,0.9082181706705795,0.9127277001183388,0.9077763254572178,0.8196574614679826,0.8612873053102011,0.8182663185356285,0.810479221590997,0.718042892133457,0.7136149895242976,0.7232008464055549,0.622871341929016,0.5400698076285856,0.6113028584915317,0.6521812241169191,0.6351415043602772,0.5348806564967712,0.2934423353549647,0.4621272968757453,0.40606242776082163,0.381209735181514,0.18063624024531907,0.2762975283397983,0.18730017962897458,0.15644841121405711,0.1315718719798566,0.04087026201359001,0.0,0.0,0.0,0.02405991883097034,0.016859246933864314,0.0,0.0,0.0,0.0,0.0,0.0,0.0,0.0,0.0,0.0,0.0
0.0,0.0,0.0,0.0,0.0,0.0,0.0,0.0,0.0,0.0,0.0,0.0,0.0,0.0,0.0,0.0,0.0,0.0,0.0,0.0,0.0,0.0,0.0,0.0,0.0,0.0,0.03287940884079216,0.0,0.0688035124506229,0.04389170825456642,0.0,0.0,0.09749093936967176,0.10952463517468083,0.1512108977361084,0.17132356903889273,0.2162341357323552,0.25928052469417495,0.2773246552063564,0.3639950830094286,0.44204830344874446,0.4981738934640445,0.6168805224901504,0.5931205956722345,0.5765704051005054,0.5410287942496693,0.7002667560490323,0.748670342551454,0.7547660001623756,0.6561651287770862,0.6892116372991659,0.47551068952906783,0.5799957702486247,0.5552328709106746,0.5535467714195731,0.4757704657144984,0.4929433270598411,0.31895657722773213,0.33903629126156065,0.4043327712360473,0.29258015368454404,0.3712935459412805,0.448009565645526,0.350341284509336,0.42944747629220015,0.506974398637887,0.4078872948607001,0.4920086725973244,0.4397593700486896,0.34339470702245967,0.4052068289146988,0.28757902350239584,0.34965030684024845,0.2207779922120606,0.22482424164726778,0.12886568885397073,0.17886949196066554,0.1281390383205697,0.09857518233445065,0.0,0.0,0.0,0.0,0.0,0.0,0.0,0.0,0.0,0.0,0.0,0.0,0.0,0.0,0.0,0.0,0.0
0.0,0.0,0.0,0.0,0.0,0.0,0.0,0.0,0.0,0.0,0.0,0.0,0.0,0.0,0.0,0.0,0.0,0.0,0.0,0.0,0.0,0.0,0.0,0.0,0.0,0.0,0.0,0.0,0.0035793067487639857,0.0,0.02541829819853205,0.0,0.043852902312039546,0.12609135822440792,0.16202318757893666,0.09849411784566103,0.2704497126533174,0.21027473382094936,0.2104036704551815,0.27668520020356896,0.2645412106328803,0.1866634652038765,0.2548012591386156,0.20744249043524643,0.3049806651495035,0.34522504559032835,0.3352920112227663,0.4417414005190625,0.58324534318405,0.5182279119016906,0.5327080728761341,0.5045197878084066,0.5893648980669888,0.5319528243061065,0.4296409769463706,0.41752409254210043,0.4555033711042392,0.4475683332631856,0.48961829122549755,0.41258912613854465,0.46636802606193845,0.5442581343190449,0.41397197271772646,0.4155926289244211,0.4817761542820773,0.39539129733641626,0.41892121680408195,0.414488392946639,0.41340819457719474,0.3171285255673959,0.2777947628078663,0.3085423723687338,0.24119617692327455,0.18976199616598466,0.18504033147829335,0.10189323702523412,0.13965391231084787,0.09134704245637347,0.06574740084621006,0.043343985512303985,0.04105421502543869,0.00446376284472489,0.0,0.0008709466174434445,0.0,0.0,0.0,0.0,0.0,0.0,0.0,0.0,0.0,0.0,0.0,0.0
0.0,0.0,0.0,0.0,0.0,0.0,0.0,0.0,0.0,0.0,0.0,0.0,0.0,0.0,0.0,0.0,0.0,0.0,0.0,0.0,0.0,0.0,0.0,0.0,0.0,0.0,0.0,0.017631605065043868,0.06863342510925369,0.034807886766451204,0.11117082117095628,0.10517982368250747,0.19669543519022215,0.2460377421969212,0.20012074800690874,0.3651328185478381,0.45312712606476685,0.4204404371904115,0.44058467514755495,0.5182839798861859,0.5476024983508032,0.5533575708047072,0.4998514787461098,0.5211653258929859,0.5919645873071893,0.5347545610368638,0.5578913764324475,0.47645920493384064,0.5770420641876978,0.6028703374513101,0.5779754288353438,0.722479451483038,0.6351048603926523,0.6823951782909103,0.5398963819145064,0.5262036605850795,0.5364083002844732,0.5145952996101767,0.504125980796357,0.46624478854050283,0.5407328044303145,0.6275843261783937,0.5807463576826268,0.6308414711908743,0.6064607681068558,0.5855632133404759,0.406016366190051,0.4025206645610915,0.42733354593963846,0.3655407309576291,0.30840606354198696,0.3148856810166566,0.226335998679837,0.24985965559083523,0.10332703001497981,0.17408451925452362,0.19488833251823062,0.16971477572860658,0.038912623327769014,0.13280434264717622,0.10673563084990109,0.005598358323901764,0.0,0.0028652279221404627,0.0,0.0,0.0,0.0,0.0,0.0,0.0,0.0,0.0,0.0,0.0,0.0
0.0,0.0,0.0,0.0,0.0,0.0,0.0,0.0,0.0,0.0,0.0,0.0,0.0,0.0,0.0,0.0,0.0,0.0,0.0,0.0,0.0,0.0,0.0,0.0,0.0,0.0,0.023011683037854704,0.03520831952875917,0.00271689266477064,0.07519059030577292,0.07995075099261374,0.023215481380632147,0.1826338617043957,0.242580584095083,0.31788518926259524,0.24177923096079731,0.42190041660525046,0.4443305393543613,0.498572096692061,0.5413725660764378,0.6116546324860939,0.5117170784264559,0.6396378028600513,0.718289534490227,0.6955967339686626,0.6597196053752638,0.7336864410873644,0.7943679353118721,0.8078752478574918,0.8484230477465194,0.7885263616027898,0.8498773778051079,0.7486412589466188,0.6639138920036857,0.6134769660918965,0.5109615659530691,0.5536394309571373,0.3859255542553212,0.4637833977273642,0.5433117640888171,0.575958490450046,0.5882037775364747,0.5902794835612298,0.5887379590399698,0.4858852704168754,0.4929557898933958,0.4669449614085234,0.4368552524873112,0.36065944721964716,0.3293242105016778,0.2000322433253888,0.288722284799047,0.2145326379217344,0.1806904803050762,0.1724418796155861,0.09434024665312347,0.020121917375142656,0.14581108066628135,0.060092857970911004,0.09239040567665929,0.04262589276070373,0.0,0.0,0.0,0.0,0.0,0.0,0.0,0.0,0.0,0.0,0.0,0.0,0.0,0.0,0.0
0.0,0.0,0.0,0.0,0.0,0.0,0.0,0.0,0.0,0.0,0.0,0.0,0.0,0.0,0.0,0.0,0.0,0.0,0.0,0.0,0.0,0.0,0.0,0.0,0.0,0.0,0.0,0.0,0.0,0.0,0.0011324287413128908,0.0629616563431942,0.13980691850419585,0.1655565987196625,0.21268511438929005,0.20271392984443182,0.22056467529558405,0.40640873456165255,0.44951272124002273,0.2961051301359908,0.5829383078141225,0.48803228497133655,0.6411306269567508,0.5055789949124544,0.660404426190145,0.7265034354761947,0.7447705278812297,0.7510490714091916,0.842342743943638,0.7553284552003363,0.7356990642477481,0.8786487027617352,0.8944444738051553,0.8739052960239081,0.7426263934372486,0.709280827850282,0.7185872602962541,0.7607811298902025,0.7516431673133378,0.7216414529490083,0.6534019247189297,0.6795256363110648,0.6334286164519811,0.6134697286661015,0.459718455747389,0.49515580387849084,0.4274207500670912,0.4980055697421302,0.4731903097060981,0.38242869113669126,0.34817532313384564,0.29474390698888175,0.2026859574868115,0.22141620950532181,0.24487806003968232,0.1031037183805105,0.17056184522160167,0.18236204449154095,0.04616594385950712,0.06579691066425176,0.00197382945631093,0.00942465687407159,0.0,0.0,0.0,0.0,0.0,0.0,0.0,0.0,0.0,0.0,0.0,0.0,0.0,0.0
0.0,0.0,0.0,0.0,0.0,0.0,0.0,0.0,0.0,0.0,0.0,0.0,0.0,0.0,0.0,0.0,0.0,0.0,0.0,0.0,0.0,0.0,0.0,0.0,0.0,0.0,0.0,0.0,0.04346480025642952,0.04876475033421532,0.051041740620179854,0.07592676275164563,0.09078544170163633,0.15421035368911407,0.1769506215541736,0.2254831031422584,0.3240599664472532,0.34275741825222045,0.44289976938855613,0.4251586952048886,0.47109784869852267,0.5144904250693507,0.5341880341739208,0.6829682352369322,0.6323100144550508,0.8215027817962424,0.8248099147289975,0.8594036776559827,0.8223054367136959,0.6535359911575505,0.749595744587018,0.8244488679319282,0.8292072848402214,0.7827134982802861,0.7177019651358586,0.7183281458110256,0.611468436426391,0.6820195951152244,0.6516238468241926,0.6721312912239146,0.696670370634407,0.6457462987375269,0.5890024722806663,0.6014614183199136,0.4353350153187213,0.5367285763925588,0.41264909082501106,0.43024514014986853,0.3541453335959607,0.3621660693196972,0.3487751746683892,0.23883936211767293,0.06471990010778966,0.2151205643764137,0.1757497209021627,0.12195143561268385,0.14491155542205464,0.036254393475717336,0.0163301590180569,0.025924258605916503,0.0,0.0,0.0,0.0,0.0,0.0,0.0,0.0,0.0,0.0,0.0,0.0,0.0,0.0,0.0,0.0
0.0,0.0,0.0,0.0,0.0,0.0,0.0,0.0,0.0,0.0,0.0,0.0,0.0,0.0,0.0,0.0,0.0,0.0,0.0,0.0,0.0,0.0,0.0,0.0,0.0,0.0,0.0,0.014675982146059242,0.0,0.0,0.0,0.06021394383390591,0.016973060415502644,0.10983374965929063,0.06344271001651572,0.07481026473733636,0.1940375648936304,0.2441812483619728,0.3054152263210075,0.21595924703044306,0.40153416105791745,0.43895587345877685,0.44303670151630403,0.4808522022413953,0.562109940155227,0.6303469914356455,0.48520871778494673,0.5893044300503112,0.6345604361570698,0.5250955705685636,0.5407849315457157,0.41147375187515045,0.542286044109192,0.4780441946895621,0.5584259248653011,0.5100984500143023,0.4737075813958013,0.43831749007674214,0.46073067288719605,0.3543676162151625,0.5429039526929017,0.492597763157307,0.39487233045288034,0.4066634916027243,0.27207032650684254,0.40109355480873876,0.3258812907518884,0.2646616338263352,0.2883150597382421,0.27743453462332024,0.20935749831881906,0.1616336816446654,0.10131253369331653,0.09330439444958905,0.11286147432571647,0.1034876023475662,0.024761698500644955,0.013404560033754676,0.036141137352839456,0.04281850708127739,0.0,0.0,0.018316146850895,0.0,0.0,0.0,0.0,0.0,0.0,0.0,0.0,0.0,0.0,0.0,0.0,0.0
0.0,0.0,0.0,0.0,0.0,0.0,0.0,0.0,0.0,0.0,0.0,0.0,0.0,0.0,0.0,0.0,0.0,0.0,0.0,0.0,0.0,0.0,0.0,0.0,0.0,0.0,0.0,0.0,0.0,0.01137549365116727,0.0,0.03043654984703241,0.0,0.057513425294709104,0.10270601792614954,0.1389086504562725,0.1952232251763626,0.14620904595135265,0.2526444545694254,0.2707826695619277,0.29500940511445917,0.24952457505659664,0.34473610988755715,0.4783634782281254,0.43804743728214296,0.5436015924018885,0.5772865484404498,0.6271725975267043,0.631079961336318,0.5774776854686023,0.6401185422301106,0.7135269030595434,0.7016216250360471,0.6258283529396739,0.6491213608577028,0.5653017657238862,0.608575721152898,0.5471151815805919,0.45987512781640827,0.4910967233707176,0.6305722252751529,0.6288483462708546,0.604946771360318,0.5397555392107778,0.55302918580423,0.5366655633968501,0.49807493110559325,0.5542492508608525,0.503022057599186,0.5369709881793422,0.47539986897628506,0.44632952284005606,0.3730120963085439,0.3531214650076414,0.3291069671534384,0.2879262831869298,0.11082430975136667,0.16161797503116215,0.13351877225531814,0.028531484611966973,0.016620377375715284,0.03325849168216556,0.0,0.007367173857191664,0.0,0.0,0.0,0.0,0.0,0.0,0.0,0.0,0.0,0.0,0.0,0.0
0.0,0.0,0.0,0.0,0.0,0.0,0.0,0.0,0.0,0.0,0.0,0.0,0.0,0.0,0.0,0.0,0.0,0.0,0.0,0.0,0.0,0.0,0.0,0.0,0.0,0.0,0.0,0.0,0.0,0.0,0.04708403473076202,0.0886556056189955,0.1972296869317277,0.22449716539702827,0.21056404963150568,0.289541394613655,0.3249886443619441,0.30340283092053566,0.3728113168878884,0.44474546045684094,0.4801625600665226,0.5595411678124095,0.6764035675388439,0.6966016508573016,0.6987052446892571,0.7590893303795367,0.7209108865224118,0.7496042233550463,0.7493631307411772,0.8089875142159784,0.7395351635788898,0.5869422687193001,0.6386428639050526,0.6509707112225246,0.7290094246828932,0.771131520673244,0.6556094477210993,0.6872930249737192,0.7051898328093195,0.7824031783920622,0.6818957397873815,0.7397955507602294,0.7428214218602978,0.7407813568528192,0.7280507186466846,0.6635499776329483,0.596091079892124,0.6064125054845064,0.5567469879398345,0.43249984372819106,0.5003456928167435,0.4626369764834714,0.44057029582054613,0.31821775369206834,0.32322975948092575,0.13683313877918674,0.22029353221930467,0.10462907241294647,0.10718763238188501,0.006345846674177438,0.0,0.00954424952118603,0.0249405079329196,0.0,0.0,0.0,0.0,0.0,0.0,0.0,0.0,0.0,0.0,0.0,0.0,0.0
0.0,0.0,0.0,0.0,0.0,0.0,0.0,0.0,0.0,0.0,0.0,0.0,0.0,0.0,0.0,0.0,0.0,0.0,0.0,0.0,0.0,0.0,0.0,0.0,0.0,0.0030775161758426527,0.0,0.0,0.0,0.040862955010568476,0.10746248326542819,0.1367948613002249,0.19125514625821777,0.19194829878499983,0.2753719711583806,0.35135331598500535,0.41808027016585314,0.3504012528895665,0.5112630821300331,0.4466461504380702,0.5773751585028668,0.6242322837975082,0.697456920708461,0.6690720628010023,0.6790329435969453,0.6732540911694228,0.757834760209029,0.8337586351582167,0.8059934081373564,0.7439386843852086,0.7788407673273562,0.9059670855379838,0.8845129226407202,0.8965138583766923,0.7847658654681376,0.8802473950413097,0.8650330528674641,0.8196093373792301,0.7604741007964759,0.4798270749747969,0.6776205184880897,0.6994016384286925,0.68997943229598,0.724638611034318,0.6103420533909175,0.5651494961373504,0.5905835122915077,0.5719472469862443,0.47933074031652956,0.5521576225273453,0.45965467546738314,0.3987541215968151,0.2353947370435285,0.3591723978752058,0.1998169842243937,0.2522735536119672,0.14426438524251958,0.04524624957369859,0.09551929700309732,0.0,0.0,0.0,0.0,0.0,0.0,0.0,0.0,0.0,0.0,0.0,0.0,0.0,0.0,0.0,0.0,0.0
0.0,0.0,0.0,0.0,0.0,0.0,0.0,0.0,0.0,0.0,0.0,0.0,0.0,0.0,0.0,0.0,0.0,0.0,0.0,0.0,0.0,0.0,0.0,0.0,0.0,0.0,0.0,0.0,0.019625920764493744,0.07250731903242824,0.10802635455146284,0.10089786445733039,0.1262884592889749,0.21041669169459684,0.21724131808613373,0.2980310257699084,0.3058226205767834,0.39108648544432917,0.4252621605527197,0.40579702636486914,0.3516586356863985,0.425162363765646,0.3387123699104203,0.4029408998166637,0.36622119040266377,0.2814495562463815,0.2874737764995056,0.08487348625169527,0.21562092515496734,0.29851412297981755,0.35434381510850677,0.4134550636186685,0.40470044462227645,0.4767209841102552,0.5318895769178158,0.5055040556900791,0.4487322287273822,0.5092901747558224,0.5668374338882098,0.49902536842646195,0.36894326127123794,0.40664589149627395,0.36264667977411064,0.399521822103597,0.4744647170819029,0.3857149368011736,0.44216553045269363,0.40591485911645225,0.4650016250603651,0.34782851632305023,0.4234815303235519,0.38409180292682893,0.3898434738871127,0.2994627153342084,0.2084160207204097,0.18971761693524505,0.11673579523965937,0.01447680264117207,0.08895543302860008,0.0286952071056904,0.0,0.0,0.0,0.0,0.0,0.0,0.0,0.0,0.0,0.0,0.0,0.0,0.0,0.0,0.0,0.0
0.0,0.0,0.0,0.0,0.0,0.0,0.0,0.0,0.0,0.0,0.0,0.0,0.0,0.0,0.0,0.0,0.0,0.0,0.0,0.0,0.0,0.0,0.0,0.0,0.0,0.0,0.0,0.0,0.0,0.0,0.0,0.0,0.017814577497751918,0.05297392905329802,0.04570897265672155,0.036236645648983795,0.1065787371281794,0.12067641954321107,0.0760035309149434,0.2209932746714534,0.15156998768609053,0.2826740367694581,0.3806178019825473,0.2915105781424306,0.34446344465847123,0.4156390336414838,0.41213652294708775,0.4355589480489136,0.44724614024288517,0.5807029131372533,0.6083490115792592,0.4845550414299248,0.6421604152498751,0.5439417575845104,0.5879604241642229,0.6049853242717684,0.5553421251093021,0.4803493379306467,0.6125870204073312,0.48601212738198785,0.6856458533067069,0.6493866008942013,0.6522484889078195,0.5424748126914256,0.59798597109142,0.5746211601305913,0.5633471614432767,0.49252984561992813,0.5096839803092401,0.41431543872225035,0.41976339637302146,0.4127276936830028,0.35497836222168305,0.32494422017379565,0.26419698105877515,0.1718376724533583,0.20301147377792625,0.1588479969030384,0.09676884248033812,0.05110753200889377,0.0,0.0,0.027194527971161342,0.0,0.0,0.0,0.0,0.0,0.0,0.0,0.0,0.0,0.0,0.0,0.0,0.0
0.0,0.0,0.0,0.0,0.0,0.0,0.0,0.0,0.0,0.0,0.0,0.0,0.0,0.0,0.0,0.0,0.0,0.0,0.0,0.0,0.0,0.0,0.0,0.0,0.0,0.0,0.0,0.0,0.06259040191943378,0.03514386446574804,0.06683168165585748,0.16977905969772886,0.2053174112296833,0.21831922346334126,0.1613666886264566,0.3182528803649019,0.36961097551848365,0.3969777824698235,0.4200164213333335,0.43540669210926713,0.4947666224573899,0.5542477665570437,0.5142157924857916,0.5913433959016479,0.6015525584665358,0.7028680419516209,0.7209273389337485,0.7026122447018276,0.7534707909769577,0.6749409142147611,0.7060673437433367,0.7705568779242328,0.7229256942358853,0.7412338364247645,0.7879272645520549,0.5952001945493421,0.7733915775840919,0.6562212996751141,0.7482924677020508,0.6389310773528899,0.6645153143091809,0.6585895279470936,0.6568333604970045,0.656235777300678,0.5804423493131604,0.5508469913179984,0.5318836576030482,0.5434791345739053,0.4624725628982435,0.4476393192606293,0.4865638376253628,0.3966718785923341,0.3209709471497708,0.3572786324170078,0.16216292478816335,0.25837220203881195,0.19139090800833825,0.03343436630031277,0.0949329091334317,0.0880025700958427,0.03501012651048149,0.02530394313925363,0.0,0.0036701163028963644,0.0,0.0,0.0,0.0,0.0,0.0,0.0,0.0,0.0,0.0,0.0,0.0
0.0,0.0,0.0,0.0,0.0,0.0,0.0,0.0,0.0,0.0,0.0,0.0,0.0,0.0,0.0,0.0,0.0,0.0,0.0,0.0,0.0,0.0,0.0,0.0,0.0,0.0,0.008492419671503982,0.0,0.04192419615022441,0.07030449369824213,0.0,0.15121536708979652,0.14718592837980093,0.21619652567160996,0.29271487372835764,0.31040618103651957,0.27457047144807045,0.4289217454566203,0.37899781727682713,0.5614604914612453,0.5861496320260702,0.6697568331403195,0.6284190792421429,0.7499070488391757,0.6516486872416085,0.703382018409854,0.7243824245777691,0.8235882270507356,0.8161866585135347,0.7643655838202661,0.7695561478238895,0.8002650319409363,0.8842989433547146,0.9117637386066738,0.8005764880786663,0.9181061402651903,0.8984092259892577,0.9110490634305997,0.905754394486273,0.8580971386357727,0.8957486807661164,0.8300665576436391,0.7629092815619071,0.6462912629697984,0.6925527084682378,0.7053280953193038,0.638350019503172,0.6461507645131006,0.5881642565589815,0.6015171315209974,0.5483613607363672,0.4823486969443811,0.3622391340151946,0.3580237795473831,0.1711155360267197,0.12300894058848047,0.17585789752742342,0.1174220959807388,0.0,0.04392813509344702,0.0,0.010236364203540592,0.0,0.0,0.0,0.0,0.0,0.0,0.0,0.0,0.0,0.0,0.0,0.0,0.0,0.0
0.0,0.0,0.0,0.0,0.0,0.0,0.0,0.0,0.0,0.0,0.0,0.0,0.0,0.0,0.0,0.0,0.0,0.0,0.0,0.0,0.0,0.0,0.0,0.0,0.0,0.0,0.0,0.0,0.0,0.07757144783072166,0.07021599696391805,0.05404493594160481,0.07598256462075564,0.1993143014811026,0.1616841375359073,0.28935315045841487,0.3393510407785354,0.4153972216594076,0.37467966053725793,0.366872778780754,0.41578061792417365,0.5934227115619954,0.5641038573036539,0.6646856064286945,0.6866640737115355,0.749457983243644,0.8056975360553682,0.7712463496136914,0.7943364147392052,0.7029643046052819,0.794483724901897,0.8464624218663841,0.80169338686302,0.7551925267327265,0.873611308550915,0.8733986973834277,0.8079042382710901,0.8334323175543097,0.8705366154146645,0.8697617566592509,0.7891592317803915,0.6861866875409595,0.7604167093592438,0.6297563584118017,0.7139337631963412,0.49219300631761853,0.6967740042601792,0.5291385266828743,0.5361277429858324,0.43125916862161484,0.4110095315154183,0.2924692313898849,0.3530820105797112,0.3269889460084437,0.2608373268288455,0.22517847822417733,0.19506002837192982,0.018594556273340918,0.013043494282922424,0.0,0.0,0.0,0.0,0.0018679831621554862,0.0,0.0,0.0,0.0,0.0,0.0,0.0,0.0,0.0,0.0,0.0,0.0
0.0,0.0,0.0,0.0,0.0,0.0,0.0,0.0,0.0,0.0,0.0,0.0,0.0,0.0,0.0,0.0,0.0,0.0,0.0,0.0,0.0,0.0,0.0,0.0,0.0,0.0,0.0,0.0,0.0,0.011201975971175025,0.03160887312697197,0.10158513932969486,0.16113686473446662,0.16505568447706198,0.27694982503120835,0.23681401557461224,0.3941664103134072,0.4114073108660041,0.4873811765153527,0.47098696385503663,0.537444292731697,0.6400984517791704,0.6062218725106598,0.49415179137235604,0.6841342749456829,0.7865956166951878,0.7146971129723078,0.6868936019858418,0.834388071708769,0.8858697633647898,0.8655252531460804,0.9271656242956337,0.8209859031561906,0.8827426575893638,0.7788413491486006,0.8850851345933516,0.8499095905953645,0.8830378747629147,0.8164055535401873,0.7855438599454447,0.8387570152702823,0.7403192678944384,0.7105733598399528,0.68816198993598,0.7723510684053467,0.6826797739121188,0.6323680770218388,0.5938942172619484,0.553978984773646,0.41967211625494005,0.5212399599926313,0.39599116624990244,0.3680586328117089,0.3300689001997478,0.2493400587135403,0.22246581480998512,0.13932018627586112,0.0,0.07637146883423612,0.0,0.0,0.0,0.0,0.0,0.0,0.0,0.0,0.0,0.0,0.0,0.0,0.0,0.0,0.0,0.0,0.0
0.0,0.0,0.0,0.0,0.0,0.0,0.0,0.0,0.0,0.0,0.0,0.0,0.0,0.0,0.0,0.0,0.0,0.0,0.0,0.0,0.0,0.0,0.0,0.0,0.0,0.0,0.0,0.0,0.0,0.055465270329663016,0.07933907967134513,0.13485527110520798,0.05112167928713501,0.1512083951080789,0.24758174860688545,0.17160515862952638,0.34526929935457656,0.27534951151442955,0.440586239107308,0.44020736194408655,0.5137488016564286,0.49938001146852423,0.5981609310621233,0.6414682792265702,0.6374310325283954,0.7862083364409378,0.6609351277489515,0.81722935285113,0.8324310764982092,0.8910619377253978,0.8054734494958534,0.9070867619555256,0.7677390814244492,0.9205584042099683,0.8533725955037533,0.7095127546304268,0.8210015578786285,0.8590894821135059,0.8574199625111126,0.7376158636602383,0.7791423696048501,0.8130497775686195,0.8236750467221954,0.7312885238633684,0.7310890086117556,0.6211758374344616,0.5902943340266128,0.6379565539986726,0.3941968778918213,0.45025861170427645,0.4752731821279539,0.4497033360276528,0.3351133957274655,0.3500831196177065,0.0950435770135637,0.2044222403343546,0.07736066154791835,0.1370580130196846,0.10276144948598034,0.07307033860761819,0.0,0.0,0.0,0.0,0.0,0.0,0.0,0.0,0.0,0.0,0.0,0.0,0.0,0.0,0.0,0.0
0.0,0.0,0.0,0.0,0.0,0.0,0.0,0.0,0.0,0.0,0.0,0.0,0.0,0.0,0.0,0.0,0.0,0.0,0.0,0.0,0.0,0.0,0.0,0.0,0.0,0.0,0.0025480839527023784,0.0,0.016421487416471807,0.0,0.02220805041100929,0.06760361749208686,0.13180141576893886,0.20420316451051856,0.2513502828548025,0.26362297411297697,0.3785262544878131,0.4160505504285378,0.4662311742485121,0.43749038120971256,0.5640615169843624,0.6335053211736003,0.6080508630861083,0.6288761485192145,0.7037455199348198,0.7434264261946117,0.7285051970402415,0.7460618147065546,0.7478833150526267,0.8732952444114279,0.8551559398699551,0.8450249728459345,0.841178018800733,0.901201538619827,0.8675674542331723,0.844951925009833,0.8866583648850151,0.8758562558191747,0.8296273339589775,0.8693424659668881,0.8532646786358317,0.8483266114031418,0.7474302992544394,0.6915371995484603,0.7184208417811553,0.728390056986981,0.6067667267260947,0.5593312290640051,0.5398404044565072,0.5316581411257036,0.354993007265208,0.4314810554334198,0.4052809491723016,0.3194540438164949,0.17012573175613885,0.16439002885146578,0.10872907954261497,0.11438242209323793,0.09940733376695854,0.03237856486323669,0.0,0.0,0.0,0.0,0.0,0.0,0.0,0.0,0.0,0.0,0.0,0.0,0.0,0.0,0.0,0.0
0.0,0.0,0.0,0.0,0.0,0.0,0.0,0.0,0.0,0.0,0.0,0.0,0.0,0.0,0.0,0.0,0.0,0.0,0.0,0.0,0.0,0.0,0.0,0.0,0.0,0.0,0.0,0.0,0.022113502215057756,0.0,0.017462691014675777,0.12644990379852972,0.14048772592440636,0.18091222954356756,0.15306641704212215,0.22816319923440376,0.3707714727338825,0.3953732037761424,0.4779290699393184,0.5186549683497592,0.4794227348997384,0.4509536028577724,0.5915224997801056,0.7011524209807612,0.634672534339054,0.6929542405326218,0.8229939499554454,0.7069085604105296,0.7937593335336801,0.8050410934466209,0.8936640045120309,0.8443283404935797,0.8290503483615917,0.9284827827028876,0.8463478042709274,0.8703853709691487,0.830635090762991,0.8287023725936982,0.8048343287397958,0.7364322724497642,0.8404246179236692,0.7277370814393513,0.7136314819877095,0.7167929291605548,0.7651792303543672,0.6204034360652996,0.6039819641429615,0.6586592868101648,0.5335065055075701,0.5350004651221578,0.44515140072653797,0.44379042522820544,0.32824122622127877,0.34844731372737586,0.1785429720784763,0.1614382568382306,0.07355174714080119,0.0,0.08682111392603292,0.060077191979700864,0.04897620713623572,0.0,0.0,0.0,0.0,0.0,0.0,0.0,0.0,0.0,0.0,0.0,0.0,0.0,0.0,0.0
0.0,0.0,0.0,0.0,0.0,0.0,0.0,0.0,0.0,0.0,0.0,0.0,0.0,0.0,0.0,0.0,0.0,0.0,0.0,0.0,0.0,0.0,0.0,0.0,0.0,0.0,0.0,0.0,0.0,0.045115779033037345,0.062039597952072256,0.042948604410196975,0.1359263974085556,0.14771165758407653,0.2801321386487941,0.3094952618851673,0.3974891610825415,0.40047101595656565,0.36691870331915144,0.5190405635299641,0.5903481555856015,0.4861223908734622,0.6804961722762022,0.5753710709522034,0.7320331335126767,0.6728773541568214,0.7373116800511118,0.7943792682400231,0.850903438209862,0.8293255854883335,0.8464684016859017,0.7324626541798529,0.7499963883202392,0.8502725655256758,0.8291613614051011,0.8258039096376444,0.7812577855142653,0.86630072087161,0.833173369257199,0.8117263222389153,0.8252761512309981,0.8143473234507274,0.7015846133924561,0.7290292312901526,0.7391500415748746,0.6601581009898875,0.6074967052859294,0.6481172904846019,0.5719714231249114,0.48944324092777514,0.40838441823381294,0.3552587753431416,0.38749062768955417,0.23372543805303775,0.2275983939142071,0.2251174426449564,0.15827271173303728,0.14427545741383846,0.046539044163221965,0.057736320140959294,0.0,0.0,0.0,0.0,0.0,0.0,0.0,0.0,0.0,0.0,0.0,0.0,0.0,0.0,0.0,0.0
0.0,0.0,0.0,0.0,0.0,0.0,0.0,0.0,0.0,0.0,0.0,0.0,0.0,0.0,0.0,0.0,0.0,0.0,0.0,0.0,0.0,0.0,0.0,0.0,0.0,0.0,0.0,0.004230788318938628,0.0,0.009644155175999279,0.06867782205947522,0.08960003450953122,0.08906929648531117,0.12957271037380064,0.16744887662205246,0.14565637856686175,0.36743540518099654,0.38448183848985085,0.4110624273708598,0.4681918277901503,0.39079365946334593,0.546810193655828,0.541139042278988,0.6457157017545093,0.530475970874349,0.6994872577807564,0.6671211833948529,0.5663987567731185,0.6456718239540202,0.742390949682014,0.7089134649811588,0.5676149629203404,0.7861590956775059,0.7617382276605547,0.7822301852867469,0.7065143710619798,0.8144985267421803,0.7916282258286849,0.7096316842273211,0.7468890769074732,0.6547904096545738,0.6437643938800367,0.6333635491305366,0.5815814360165228,0.5506418123946785,0.4390095380415457,0.45091584930309847,0.13649829153879284,0.31701756034799017,0.24594682688658936,0.2630432776324721,0.1349893327590644,0.19509503504885256,0.14589477222067976,0.13582484146631865,0.06600644234579851,0.04720311049854661,0.07280578621989668,0.0,0.0,0.005887956505300124,0.0,0.0,0.0,0.0,0.0,0.0,0.0,0.0,0.0,0.0,0.0,0.0,0.0,0.0,0.0
0.0,0.0,0.0,0.0,0.0,0.0,0.0,0.0,0.0,0.0,0.0,0.0,0.0,0.0,0.0,0.0,0.0,0.0,0.0,0.0,0.0,0.0,0.0,0.0,0.0,0.0,0.0,0.0,0.0,0.0,0.0,0.0,0.064488230743449,0.03542905085692835,0.07207302444014455,0.04694136149515097,0.0363765008005779,0.08589195337265956,0.08746799932314951,0.1330344153810253,0.10367601969402274,0.1482549634780912,0.1347603359882138,0.18370690285354052,0.14215812225991345,0.18140194898408418,0.18905291801806778,0.20123068729473023,0.22574231286676194,0.25569574917302107,0.2795007403164007,0.30809262906184043,0.2974521369764259,0.3023618746619853,0.2584897174669668,0.24498756541517977,0.20344599323548263,0.24769270864265158,0.3136875014492819,0.29269694029887766,0.19403221469010198,0.21114131715874315,0.20140542222845934,0.14189938663433704,0.1304897395110242,0.15088337354301995,0.20769396229635373,0.26117685546971053,0.29372048949805385,0.3391659139703336,0.39285465562225397,0.38116519143608546,0.2826552342492725,0.2582073053927939,0.2325616193991728,0.19159393872030223,0.15190637775054142,0.03288122487948879,0.08731652577337931,0.04090678284030473,0.032588569589983934,0.0,0.0,0.0,0.0,0.0,0.0,0.0,0.0,0.0,0.0,0.0,0.0,0.0,0.0,0.0
0.0,0.0,0.0,0.0,0.0,0.0,0.0,0.0,0.0,0.0,0.0,0.0,0.0,0.0,0.0,0.0,0.0,0.0,0.0,0.0,0.0,0.0,0.0,0.0,0.0,0.0,0.0,0.0,0.0,0.049500322157412485,0.023466243132579653,0.0,0.12463992810733848,0.09715622490257579,0.17727546322328744,0.29968529244159936,0.23645567032659792,0.39123186956763734,0.4362478528583114,0.46283300073714945,0.43816638699326216,0.5584321486738288,0.6128500223594092,0.6591554086175323,0.6439062398120198,0.7073376805677328,0.7141999245865148,0.7477255972888094,0.6560366559981845,0.6190993231886923,0.6450864070023201,0.5505173464841782,0.4909162137921693,0.6265581226696108,0.6680618310332693,0.5714885333388334,0.7121661930740217,0.7602424574458075,0.6851627524281968,0.5771991115036619,0.5460560013051693,0.4273296313322933,0.5129581164808946,0.41596737430852526,0.40004100125629344,0.3633896240755279,0.29125105727843714,0.3031897789904984,0.33341874516760056,0.21907336806063876,0.31844111588725516,0.2360951502871464,0.15293620777753825,0.14346838129636236,0.14908334746468394,0.10815414664222193,0.07614319037917266,0.07148947381254757,0.02639447002907954,0.032919175973648414,0.0,0.0,0.0,0.0,0.0,0.0,0.0,0.0,0.0,0.0,0.0,0.0,0.0,0.0,0.0,0.0
0.0,0.0,0.0,0.0,0.0,0.0,0.0,0.0,0.0,0.0,0.0,0.0,0.0,0.0,0.0,0.0,0.0,0.0,0.0,0.0,0.0,0.0,0.0,0.0,0.0,0.0,0.0,0.0012931212585199786,0.0,0.0,0.0012756331190866069,0.03747575966787671,0.0,0.0,0.0407303599315257,0.024662339743623293,0.07264425557259015,0.05353646097955195,0.11796522398973736,0.10289918975326011,0.03804670772443397,0.09482036562513979,0.0,0.0635307158010197,0.11288162832430734,0.10785229809007316,0.15000974107445073,0.08406190240640243,0.08897826302451814,0.09892880720399924,0.08485954464058207,0.07084254159119535,0.08127089124572301,0.09446112464543469,0.14372083892080093,0.14835650787917457,0.26771475289791663,0.2628363305676557,0.29892224231102404,0.3449082907332055,0.42335907949045537,0.38954013837246837,0.42158501414633887,0.3879948510998892,0.37942920654276296,0.3680129063632484,0.4030522667064016,0.38824688435268095,0.39337533726769386,0.2710829170812334,0.2934679537347386,0.31598713761120606,0.1840352543165752,0.16194727784516905,0.14343909145158018,0.12031900498575432,0.058843152505439686,0.0227039972744787,0.056107623989296744,0.034742182793590544,0.0,0.0,0.0,0.0,0.0,0.0,0.0,0.0,0.0,0.0,0.0,0.0,0.0,0.0,0.0,0.0
0.0,0.0,0.0,0.0,0.0,0.0,0.0,0.0,0.0,0.0,0.0,0.0,0.0,0.0,0.0,0.0,0.0,0.0,0.0,0.0,0.0,0.0,0.0,0.0,0.0,0.0,0.0,0.0,0.0,0.005412947902455396,0.0,0.0,0.0,0.0,0.0772820721980561,0.0650741306516715,0.10593952818765406,0.14371286713150874,0.1225531708147011,0.18702287299192272,0.09186879375615198,0.22032484663031088,0.298315813718672,0.36360488449910666,0.3131968339843971,0.39824290637204485,0.4020459221764948,0.4609855751284738,0.4872897515993527,0.4765822630468317,0.4276855150947669,0.3927414792443588,0.5135508692110162,0.43277574626656906,0.4586911193381607,0.4873179524524877,0.49039526003118983,0.4192421706873546,0.4510345218423018,0.44120424163981886,0.46920435531108745,0.555386843031895,0.6088864421861349,0.6957282002187133,0.5963211819399444,0.5281981167200486,0.5036025077925876,0.35488031449790036,0.43283245020921823,0.3342384087018776,0.3369925180434764,0.17319629487425822,0.27173123637545316,0.2216039665978088,0.2543121529001209,0.1846652686879919,0.13234213680892315,0.07385063410675805,0.11775071141749885,0.08212198371998865,0.03770278478851864,0.026140283572845133,0.0,0.0,0.0,0.0,0.0,0.0,0.0,0.0,0.0,0.0,0.0,0.0,0.0,0.0
0.0,0.0,0.0,0.0,0.0,0.0,0.0,0.0,0.0,0.0,0.0,0.0,0.0,0.0,0.0,0.0,0.0,0.0,0.0,0.0,0.0,0.0,0.0,0.0,0.0,0.0,0.0,0.0,0.0,0.013013521695932243,0.000859814133639128,0.08327253636981331,0.10245918254417209,0.10049459843193632,0.17592794144378368,0.12584450566732452,0.17592059411348598,0.18138584206257743,0.29016973623124315,0.2622636781802881,0.28228906701303974,0.37594330455223995,0.4009309472298761,0.4522022805459441,0.44767976895508144,0.5143897921933945,0.4872175065340687,0.46158593569792117,0.43590094960971515,0.5074585795166706,0.4992284599178075,0.5336310125400303,0.5082061300235148,0.5163690353570657,0.5191711755409399,0.5288063248970325,0.5031313331457279,0.4764648659195793,0.411079574650128,0.4034639938181052,0.3826347797334599,0.3926966229741875,0.3909190101535411,0.38610972181980435,0.36307978287232395,0.4073045326885957,0.4112577530300977,0.2940602114783107,0.25248566140289497,0.17119886713129417,0.11945104931124481,0.08068067604572353,0.09659045385588941,0.06521017015808633,0.09616218849510377,0.0598075374348923,0.08447049851985147,0.019940807524292038,0.0,0.0,0.0,0.0,0.0,0.0,0.0,0.0,0.0,0.0,0.0,0.0,0.0,0.0,0.0,0.0,0.0,0.0
0.0,0.0,0.0,0.0,0.0,0.0,0.0,0.0,0.0,0.0,0.0,0.0,0.0,0.0,0.0,0.0,0.0,0.0,0.0,0.0,0.0,0.0,0.0,0.0,0.0,0.0,0.0,0.0,0.0,0.0,0.0,0.0023568678301925244,0.0,0.0,0.019107146512205464,0.0,0.07205408896785206,0.14629698106927996,0.0,0.19594207516278556,0.17198808599537352,0.1904238904077517,0.08215098275346724,0.23002812433269976,0.20271984309043523,0.28357777303413334,0.3050021993479329,0.3448819070919785,0.43443653063863596,0.49637203085936,0.6840969277007123,0.8228441193355105,0.7473212680414603,0.7945140380909188,0.6196713407217702,0.675704510125474,0.644986032416216,0.7073569146042363,0.6597667924001406,0.4949071826041991,0.6210864943908811,0.6184747253540881,0.6201432613906422,0.6169520460967695,0.6165245857872816,0.5212337365876294,0.517694653344015,0.5913750070651569,0.5683841139505229,0.44109470221424857,0.49038396284550784,0.3204859557988591,0.28232515122353186,0.1828401808238402,0.15813228975605192,0.1828590857980046,0.020098105464721627,0.0,0.014435747406238417,0.0,0.0,0.01081223674878135,0.0,0.0,0.0,0.0,0.0,0.0,0.0,0.0,0.0,0.0,0.0,0.0,0.0,0.0
0.0,0.0,0.0,0.0,0.0,0.0,0.0,0.0,0.0,0.0,0.0,0.0,0.0,0.0,0.0,0.0,0.0,0.0,0.0,0.0,0.0,0.0,0.0,0.0,0.0,0.0,0.0,0.0,0.0,0.0064216148352828975,0.04556228220592004,0.06673201305147666,0.11515110371298029,0.15338291456527067,0.2040396505317416,0.2631553759955879,0.31414457367000326,0.42981152344041984,0.4616757448212553,0.5046191362953427,0.5166788085723022,0.49539461557751985,0.5285433480935124,0.6493318947822104,0.6789616452883278,0.6468574447718809,0.6844391552846845,0.6733495333058521,0.7605126243737333,0.7197919178531719,0.7069949086085111,0.6642666406737309,0.659623693618037,0.7735235867382335,0.7644446661623786,0.7782960822863686,0.726036766867092,0.5748620746583493,0.6830016571230667,0.6811121332920699,0.50641437638948,0.5124899744003542,0.5989986154194887,0.5230170605950613,0.4120830511491743,0.44135935965862644,0.2590119666850297,0.3658851843583817,0.3177602311676665,0.33583439214630695,0.17736767251810867,0.1646276867292295,0.19217770424877503,0.14117440966946376,0.05483461263078317,0.08028146784604684,0.042039764256568045,0.0,0.0,0.0,0.0,0.0,0.0,0.0,0.0,0.0,0.0,0.0,0.0,0.0,0.0,0.0,0.0,0.0,0.0,0.0
0.0,0.0,0.0,0.0,0.0,0.0,0.0,0.0,0.0,0.0,0.0,0.0,0.0,0.0,0.0,0.0,0.0,0.0,0.0,0.0,0.0,0.0,0.0,0.0,0.0,0.0,0.0,0.0,0.0,0.004434707372400544,0.047388507810290616,0.008095070296680384,0.03670960445799187,0.0,0.1064791681562269,0.14482392493131277,0.08083695946130424,0.15658279712012102,0.12814478846158406,0.06538025219545168,0.16322128137341843,0.17193583929652573,0.2551348653849371,0.2510692589143848,0.2372418568968358,0.1908322022243549,0.31245209066995583,0.34612042929282605,0.49059054338361674,0.5314969662999603,0.5013206093111898,0.6029945562408288,0.6560737808286771,0.6688301381885109,0.6067198976939504,0.6299995611770232,0.6831878772299608,0.661217292890754,0.6877884385759997,0.6605497571974758,0.6417322921113973,0.6564802089939363,0.6006137390525533,0.5815410645543562,0.5724215069112719,0.48331561483302193,0.5140245821025853,0.4324331229920633,0.42199812151722166,0.39677012251610594,0.35495309043879286,0.32013784194415645,0.27092149192691783,0.19626766569411513,0.1914350454358325,0.07482733883785628,0.04544081367808471,0.015052114688091811,0.06463279016050878,0.0,0.0,0.0,0.0,0.0,0.0,0.0,0.0,0.0,0.0,0.0,0.0,0.0,0.0,0.0,0.0,0.0
0.0,0.0,0.0,0.0,0.0,0.0,0.0,0.0,0.0,0.0,0.0,0.0,0.0,0.0,0.0,0.0,0.0,0.0,0.0,0.0,0.0,0.0,0.0,0.0,0.0,0.0,0.0,0.0,0.0,0.0,0.0,0.02947304213063657,0.11126660602317844,0.11878018582811917,0.11296985405992484,0.22619348503736647,0.27548300338720877,0.37916515086450203,0.3615068638214324,0.3857987322448765,0.5411853809286786,0.5557131282160324,0.5561991084466779,0.6243798505529076,0.6590182280740878,0.5331345245252791,0.7820881310486172,0.7051594202317852,0.7641082585864355,0.7759605507226883,0.7585707895430777,0.7639544374256014,0.7557107731782654,0.7547565136165874,0.7506813531764199,0.6403972365006543,0.5324339665309259,0.6544131903701634,0.6426440138805689,0.6576360838075983,0.581252892460169,0.534495194138631,0.6038523624891745,0.6138870369580405,0.5171710736307895,0.5753855519288643,0.5522810877516485,0.5637157701327763,0.49290307315363774,0.44976468346560283,0.31535440285086463,0.24509151181673777,0.20648429642768767,0.16261226652029398,0.166215648362604,0.15191045704035494,0.0030693842615553413,0.0,0.05650056440107345,0.0,0.009023516537711641,0.0,0.0,0.0,0.0,0.0,0.0,0.0,0.0,0.0,0.0,0.0,0.0,0.0,0.0,0.0
0.0,0.0,0.0,0.0,0.0,0.0,0.0,0.0,0.0,0.0,0.0,0.0,0.0,0.0,0.0,0.0,0.0,0.0,0.0,0.0,0.0,0.0,0.0,0.0,0.0,0.0,0.0,0.00010329272439789415,0.013033233376037217,0.0,0.0,0.028940665389708534,0.12614423309632214,0.178447660809028,0.16555394417289168,0.2994848663580107,0.35200376499770053,0.33975459663893237,0.35900035100942573,0.36501209171820065,0.4830399059174079,0.39489630983650337,0.5075463459690184,0.5074175413029847,0.5620857847487489,0.5758648843389406,0.5757157830522868,0.5368460294145531,0.6363666912156636,0.5346046566545621,0.6823585441958009,0.6990041055420825,0.7529157292712884,0.6860176477795934,0.8099347249283501,0.825388128377265,0.8238028706167593,0.7339856041375437,0.7432400410713906,0.6747353924080839,0.732553693694155,0.7240657946275733,0.6420339258856751,0.6155759044871794,0.6019005156899871,0.537050882732325,0.43015149716761747,0.45118296042656425,0.4961348790337061,0.44937870791827655,0.35583921203334173,0.19617622319974376,0.2019445744083339,0.1558268211637138,0.140625710633927,0.10399068094143865,0.032871992125114664,0.0,0.02742044594998455,0.0,0.0,0.0,0.0,0.0,0.0,0.0,0.0,0.0,0.0,0.0,0.0,0.0,0.0,0.0,0.0,0.0
0.0,0.0,0.0,0.0,0.0,0.0,0.0,0.0,0.0,0.0,0.0,0.0,0.0,0.0,0.0,0.0,0.0,0.0,0.0,0.0,0.0,0.0,0.0,0.0,0.0,0.0,0.0,0.0,0.0,0.0,0.03768078887403287,0.021425815518629918,0.0553713860227347,0.11570374917552279,0.2079319866503113,0.2870602961075403,0.3415189361228858,0.3458168827573189,0.421993690725676,0.3494790888640261,0.44452583721493366,0.38748195062372237,0.5172344065571498,0.49698063720074037,0.649997685266655,0.5029856550314852,0.6076421074570612,0.7005827900495867,0.7091818234954714,0.7847841777673383,0.7971832287366271,0.830161162439154,0.8232074865868362,0.8303133166139532,0.6626125743796067,0.6482526262104266,0.7901061977974223,0.7588485415820814,0.4533398625936008,0.6653374835606506,0.6854600123820033,0.6648691174795387,0.5480504223489214,0.49231975927098026,0.5630300353777888,0.5058960840640715,0.507733095497988,0.3381600829445181,0.40665687428456454,0.35239307453456664,0.2725466149971778,0.2751554126934411,0.23812798341549857,0.14457471431023816,0.173923999363303,0.10458427252213105,0.07298407194075156,0.03106954707736706,0.0,0.0,0.0,0.0,0.0,0.0,0.0,0.0,0.0,0.0,0.0,0.0,0.0,0.0,0.0,0.0,0.0,0.0
0.0,0.0,0.0,0.0,0.0,0.0,0.0,0.0,0.0,0.0,0.0,0.0,0.0,0.0,0.0,0.0,0.0,0.0,0.0,0.0,0.0,0.0,0.0,0.0,0.0,0.0,0.0,0.0,0.004027439553786845,0.0,0.0,0.0,0.053537326462037134,0.05668330945421011,0.06574260856375203,0.09104877714695259,0.10826910460578763,0.12181630357664343,0.14494535798362143,0.14309199824048072,0.16339963429459914,0.1587136062473203,0.1687083414682443,0.16853725780527237,0.16359923677879104,0.12167111932101343,0.031310654219223286,0.1316462337225673,0.1255584971062091,0.10549485245777376,0.12762251328409446,0.10409233126880035,0.14431979607876727,0.1503650808849032,0.16785653852558421,0.16267615343336472,0.19867215265541457,0.19340739453273037,0.249189148537557,0.23434927795420335,0.24444729369125628,0.20737503151169037,0.20194217211162402,0.2047712417976951,0.21266839589337266,0.184308739364548,0.18378172623680405,0.2082963939350362,0.174827931421872,0.2023816113506135,0.16743363539897163,0.14491260350449403,0.08907363905645022,0.10746549079236965,0.039195205864584595,0.05095664123530007,0.04967298316389006,0.006955714464062075,0.011905035737522086,0.003746039343583297,0.0,3.351358943831217e-05,0.0,0.0,0.0,0.0,0.0,0.0,0.0,0.0,0.0,0.0,0.0,0.0,0.0,0.0
0.0,0.0,0.0,0.0,0.0,0.0,0.0,0.0,0.0,0.0,0.0,0.0,0.0,0.0,0.0,0.0,0.0,0.0,0.0,0.0,0.0,0.0,0.0,0.0,0.0,0.0,0.0,0.0,0.0,0.0,0.0,0.034220791470537276,0.000828837200041746,0.04083629120079011,0.07273916280429782,0.10440490038418443,0.1137871560206875,0.12705946310813943,0.18876428499256706,0.20062295201166816,0.22623246772000083,0.2560901860724535,0.24217717080170703,0.25901987821542,0.24952424216406294,0.31456750586455223,0.3320719479962823,0.3775784960388544,0.3983098806012298,0.4040576964242729,0.42560760237988204,0.3776379453483793,0.26925443832705753,0.3900735407821083,0.3719325877889049,0.322631121207147,0.30655798924106253,0.2831710909828676,0.20129797646523961,0.24387480988095722,0.23850672781801371,0.302632725284162,0.19838279065807038,0.2650279303811165,0.21512297697510382,0.20354581421161574,0.16423241208039127,0.14680937400585936,0.11543757870141472,0.12664728231304667,0.0887634048952728,0.07700985576746738,0.0,0.02782881202653769,0.009886934321683354,0.038703403185975205,0.04116957963143584,0.011767028990641675,0.0,0.0,0.0,0.0,0.0,0.0,0.0,0.0,0.0,0.0,0.0,0.0,0.0,0.0,0.0,0.0,0.0,0.0
0.0,0.0,0.0,0.0,0.0,0.0,0.0,0.0,0.0,0.0,0.0,0.0,0.0,0.0,0.0,0.0,0.0,0.0,0.0,0.0,0.0,0.0,0.0,0.0,0.0,0.0,0.0,0.0,0.0,0.018274568372050045,0.0,0.04447037147826122,0.0,0.0,0.0,0.13648110330776314,0.2252291218411029,0.2526013871681946,0.30255252178830716,0.42462212390956716,0.35437496971441845,0.5561138218521177,0.6619249860837345,0.6829463294154567,0.6943380570758153,0.6676816973164266,0.6945398895185914,0.6618343943840885,0.7870008889848435,0.7471340763216621,0.8671247643142602,0.6649071990695712,0.7682334795480674,0.7120228632733467,0.9104345476382605,0.8393148960235839,0.9098730041203283,0.8472555988430817,0.8824458273528014,0.7636694668076544,0.8381694611545757,0.7407276798201842,0.7813643318647733,0.6131800215358012,0.6049692579242318,0.5563915071408514,0.5598869062677287,0.5963847914184419,0.5088983151372826,0.41143315445247863,0.4296034413917338,0.19496679616925588,0.24299071240296877,0.2011941392400467,0.12056010839998697,0.11863478311929257,0.0,0.0757672143099858,0.0,0.0,0.0,0.0,0.0,0.0,0.0,0.0,0.0,0.0,0.0,0.0,0.0,0.0,0.0,0.0,0.0,0.0
0.0,0.0,0.0,0.0,0.0,0.0,0.0,0.0,0.0,0.0,0.0,0.0,0.0,0.0,0.0,0.0,0.0,0.0,0.0,0.0,0.0,0.0,0.0,0.0,0.0,0.0,0.0,0.0,0.0,0.0,0.02218084380655996,0.06275022577662262,0.08757585400088641,0.04626318200469523,0.11828850158650114,0.07816526114006214,0.1521336520343192,0.24765457389689213,0.30532515965725726,0.3591231462500303,0.41413053433810754,0.44254840571347087,0.4795439138638705,0.5013883461022622,0.6031707534304934,0.5209132034897384,0.6229090543105719,0.6632268952086479,0.6090774271041419,0.6372990792746009,0.7300106773805578,0.7149020521434485,0.7755843371044222,0.8090558287554149,0.6587498594099979,0.6798124396228116,0.7078404664464502,0.770010558306059,0.6922752466619444,0.7187608416881512,0.6006434114916935,0.5566911978221744,0.6967037446456189,0.6336787261226285,0.5932396198480733,0.5213246635357129,0.40703128865039634,0.4145967007897595,0.2829390618137526,0.4148169693887006,0.08643373433448864,0.13598783188379465,0.14774053772566473,0.0944732061764162,0.0,0.03422060912271631,0.07793523345305978,0.041340768525209654,0.042783730318549,0.01012642278415055,0.0,0.0,0.0,0.0,0.0,0.0,0.0,0.0,0.0,0.0,0.0,0.0,0.0,0.0,0.0,0.0
0.0,0.0,0.0,0.0,0.0,0.0,0.0,0.0,0.0,0.0,0.0,0.0,0.0,0.0,0.0,0.0,0.0,0.0,0.0,0.0,0.0,0.0,0.0,0.0,0.0,0.0,0.0,0.0,0.0,0.0,0.0,0.0,0.02220403184990856,0.09562853983985468,0.17503712262797363,0.20523951602660298,0.16645424868508774,0.27428552869619205,0.32081895922554665,0.3472100198826912,0.435977568383214,0.4999238000001461,0.5122737731377331,0.5678026635875952,0.6290560318154764,0.553116282406278,0.6394147156846333,0.6775511784050992,0.7056777325633649,0.6556122661404693,0.7330660316090079,0.7385322635962794,0.7175597684226841,0.6640561683161651,0.7080886757986065,0.6821524130867291,0.705901611247989,0.699546672046665,0.6866959541540744,0.6790944051681406,0.6429623986902515,0.5375038250958523,0.37805851641735677,0.6019978212890279,0.6271353983395792,0.5224978693961396,0.4082061661204386,0.4926383810502974,0.42227314159532514,0.23394236535333163,0.2747721699663307,0.2456281617074535,0.19723421175707972,0.15828033296646177,0.11715309503163943,0.13735773946667543,0.0,0.030123228250915277,0.04200374858466121,0.006686926680987242,0.0,0.0,0.0,0.0,0.0,0.0,0.0,0.0,0.0,0.0,0.0,0.0,0.0,0.0,0.0,0.0
0.0,0.0,0.0,0.0,0.0,0.0,0.0,0.0,0.0,0.0,0.0,0.0,0.0,0.0,0.0,0.0,0.0,0.0,0.0,0.0,0.0,0.0,0.0,0.0,0.0,0.0,0.0,0.0,0.0,0.0,0.0,0.0,0.0,0.06359624519879636,0.05084760434814846,0.13709755486333247,0.22791452313325417,0.21210321685136652,0.2799438630011145,0.32589500795745086,0.26616834226575065,0.2528533571088287,0.4826302762148231,0.4641755903626087,0.5648687090760249,0.5354863712671505,0.44513896824202437,0.6527077920631694,0.6996018685554057,0.7391359295321106,0.7690280649387291,0.7524654165617197,0.7779469750583983,0.6709994992324325,0.8057480012520326,0.7085173215847458,0.8107148506975881,0.771325726792548,0.7144429326848496,0.70721424332582,0.723958380342596,0.5835589781678769,0.6317411272232173,0.5492891895080337,0.5873009724817789,0.5105175024428108,0.45838766935091285,0.3397033181994429,0.3591950012094645,0.34335154336781415,0.25426374891270254,0.27717346844656926,0.19457229231538592,0.10138584258361814,0.17019885992432052,0.0881214992435225,0.0,0.0,0.036585710487125125,0.0,0.0008949057147357165,0.0,0.0,0.0,0.0,0.0,0.0,0.0,0.0,0.0,0.0,0.0,0.0,0.0,0.0,0.0
0.0,0.0,0.0,0.0,0.0,0.0,0.0,0.0,0.0,0.0,0.0,0.0,0.0,0.0,0.0,0.0,0.0,0.0,0.0,0.0,0.0,0.0,0.0,0.0,0.0,0.0,0.0,0.0,0.0,0.0,0.011814519510036356,0.0,0.019700689028635546,0.0,0.10081628572721596,0.20845792614643036,0.24521940632268155,0.3784758614812743,0.3592584071020161,0.4862299682625438,0.4197075906773656,0.3913339317203798,0.6331151835480013,0.6469826263606189,0.6472926718016623,0.6036312310769381,0.7092515043554259,0.804701421556984,0.6913536682736592,0.8167372103444618,0.7804508137348026,0.7912862634668523,0.6983414982138954,0.830178400836714,0.8425426496395994,0.6477721381527338,0.7399007210409081,0.7861687699877391,0.8050916894612925,0.7887899496204168,0.7180460203276722,0.66326810820505,0.6683070314295213,0.676005891646113,0.7048941035291477,0.5236401826724933,0.5864478634817003,0.5165054066078991,0.4752272088517376,0.34643012345445906,0.26603088440750294,0.23284410685731438,0.20344348392459094,0.113638403062167,0.1802209506356835,0.0980249612763187,0.005046255321421958,0.0627553018395063,0.029460775628214086,0.0,0.0,0.0,0.0,0.0,0.0,0.0,0.0,0.0,0.0,0.0,0.0,0.0,0.0,0.0,0.0,0.0
0.0,0.0,0.0,0.0,0.0,0.0,0.0,0.0,0.0,0.0,0.0,0.0,0.0,0.0,0.0,0.0,0.0,0.0,0.0,0.0,0.0,0.0,0.0,0.0,0.0,0.0,0.0,0.0,0.0,0.0,0.018451085944973085,0.0,0.0,0.022965872412565237,0.0242581091009261,0.14721941981569034,0.07631353447982114,0.09306169323062718,0.28947506388258193,0.3987225351185287,0.44448934137427915,0.5183989067545357,0.4562716742670375,0.5237237588391014,0.4899084764544708,0.5569827297661388,0.6052780772284653,0.6554213156210627,0.687023680589584,0.6129775823250754,0.7559471459643528,0.7413260336052594,0.7336162303335259,0.7790982066482197,0.6633561898386979,0.6623035587008355,0.7030420346358649,0.6949994931151259,0.5326871031739687,0.6456190614084487,0.6223927073787572,0.4834926307592048,0.622003800378666,0.5005755778141641,0.5769937936831484,0.5277853648777451,0.5094641851859107,0.36597817424415846,0.43067992002410493,0.3427305748756974,0.38067480255149294,0.2053703747227913,0.26515940108795744,0.21708297194597834,0.074536467755119,0.004073635444285489,0.021881980285985356,0.05336727423605798,0.0,0.0,0.0008158315472310039,0.0,0.0,0.0,0.0,0.0,0.0,0.0,0.0,0.0,0.0,0.0,0.0,0.0,0.0,0.0
0.0,0.0,0.0,0.0,0.0,0.0,0.0,0.0,0.0,0.0,0.0,0.0,0.0,0.0,0.0,0.0,0.0,0.0,0.0,0.0,0.0,0.0,0.0,0.0,0.0,0.0,0.0,0.0,0.0,0.0,0.0,0.006879171894521183,0.07489374867018601,0.05617036740465559,0.09762204852329776,0.1286344877450701,0.19493407543314373,0.26658361909265094,0.29425488876136224,0.39354203218002026,0.42664829763008855,0.48977780363602175,0.5009847762218814,0.4377520028956746,0.46029192330057334,0.5221010688103427,0.5963845449529201,0.6124308956901364,0.5817976987859402,0.6932257956251798,0.7013663879122042,0.767655682058589,0.6825286020364482,0.7557787702644111,0.6612541499600378,0.6690192056797944,0.6272505263517786,0.5958415216595343,0.5945129332080913,0.6103466653916219,0.5285721798183345,0.46516754706410096,0.3129322766720015,0.38959035970349815,0.20769645050467633,0.3739154367701927,0.4327419228096452,0.3816146667931728,0.31841777386419845,0.263992503318491,0.18791506407860709,0.2116251013491791,0.18308967032760004,0.039294551944497935,0.05738584457384068,0.0,0.0,0.013581473555970103,0.0,0.0,0.0,0.0,0.0,0.0,0.0,0.0,0.0,0.0,0.0,0.0,0.0,0.0,0.0,0.0,0.0,0.0
0.0,0.0,0.0,0.0,0.0,0.0,0.0,0.0,0.0,0.0,0.0,0.0,0.0,0.0,0.0,0.0,0.0,0.0,0.0,0.0,0.0,0.0,0.0,0.0,0.0,0.0,0.0,0.0,0.0,0.0,0.0327146363478826,0.05976803163402549,0.017300047731642176,0.019777808473899178,0.17726243326789676,0.14813670585455485,0.19609627327722137,0.23854477417677394,0.3903008829476993,0.40697755198472074,0.5075833178051998,0.49163125717492673,0.46380669269703834,0.49769631714090784,0.5802526262209755,0.6610276935416424,0.7239180830564266,0.7189134353357394,0.7295462431022176,0.6063022619186831,0.6395136932195369,0.6403080088374985,0.5795948506191029,0.6535852766437866,0.5753751666884586,0.6780422832310168,0.6630465217121382,0.660964486925184,0.6144332212120923,0.6483968562474242,0.5692333935970387,0.5193168872690455,0.5261522028563583,0.4526782934947396,0.49644862007796403,0.4392163236893493,0.23292212683330657,0.4083337098636164,0.37301029171581435,0.3208151150937908,0.2745524278494604,0.28329594251579404,0.27878037804372946,0.03267431350815553,0.15003573590491687,0.026322081211292717,0.08680657697213132,0.0,0.0,0.0,0.0,0.0,0.0,0.0,0.0,0.0,0.0,0.0,0.0,0.0,0.0,0.0,0.0,0.0,0.0,0.0
0.0,0.0,0.0,0.0,0.0,0.0,0.0,0.0,0.0,0.0,0.0,0.0,0.0,0.0,0.0,0.0,0.0,0.0,0.0,0.0,0.0,0.0,0.0,0.0,0.0,0.0,0.0,0.0,0.0,0.0,0.0,0.0,0.10725858423175755,0.16184003756125226,0.1506315691719713,0.1478609422008522,0.16994414659114043,0.3402576049201778,0.3262585181716292,0.41686118014746726,0.37352759459847484,0.46883146481169,0.5257122245777661,0.6079404428915486,0.6218772362371995,0.6448803518977086,0.7040535536469136,0.7400893569805206,0.7799905070584642,0.7156084346206277,0.7865637586578386,0.8199009191262002,0.7588793465924812,0.6750836666988949,0.7364068504660273,0.6828723432831117,0.5791497189064128,0.5874177955764068,0.5746371808421351,0.5136649216742899,0.4965481955742149,0.3857342186733086,0.48951699286809436,0.4983115250852069,0.42488109336137175,0.39561316657931817,0.33284080528854165,0.2721573495928891,0.28731192045950366,0.27178692147027445,0.10964626061161352,0.11108624510160986,0.0,0.019783328806414882,0.01689849531437264,0.04510962851871909,0.060302610729750475,0.0,0.0,0.0064971719778406595,0.0,0.0,0.0,0.0,0.0,0.0,0.0,0.0,0.0,0.0,0.0,0.0,0.0,0.0,0.0,0.0
0.0,0.0,0.0,0.0,0.0,0.0,0.0,0.0,0.0,0.0,0.0,0.0,0.0,0.0,0.0,0.0,0.0,0.0,0.0,0.0,0.0,0.0,0.0,0.0,0.0,0.0,0.0,0.0,0.0,0.0,0.005474996231813252,0.04965170320868333,0.07976647516754468,0.14137150317242536,0.08888564049806436,0.13752534337718642,0.24803320875411278,0.35520591044736655,0.2432444608397539,0.349361993302314,0.45397639893658837,0.5269270915522545,0.5633928920612875,0.5313002797952029,0.6729357288817026,0.7016774768355231,0.7248398874759188,0.7721058830433001,0.6370119495885496,0.8315598998128556,0.7808910488553538,0.7634498022859857,0.8411218894017669,0.7099312370579395,0.8574109368138196,0.8394236010843805,0.7938873667260544,0.7993169837257523,0.8151496742574807,0.750740952133899,0.7081610804779089,0.7187654283677714,0.687693026027855,0.5921583229739635,0.5556013731098147,0.5133257444589912,0.44536694160892015,0.4775167487794572,0.25662603556892016,0.24390086660439736,0.08768153231843687,0.1839130905634735,0.09894846633801335,0.043608090210021655,0.013331064316406918,0.05178338064975864,0.026012745114062236,0.012881463301185135,0.0,0.0,0.0,0.0,0.0,0.0,0.0,0.0,0.0,0.0,0.0,0.0,0.0,0.0,0.0,0.0,0.0,0.0
0.0,0.0,0.0,0.0,0.0,0.0,0.0,0.0,0.0,0.0,0.0,0.0,0.0,0.0,0.0,0.0,0.0,0.0,0.0,0.0,0.0,0.0,0.0,0.0,0.0,0.0,0.0,0.0,0.0,0.0,0.0,0.0,0.0,0.0,0.0,0.1013842718899173,0.18436608803318286,0.23638172043600847,0.2984790600771698,0.3947154862656567,0.46307190527108794,0.5118545079930099,0.4710055235128445,0.6036636629137226,0.5976651270936417,0.6325492118702016,0.6621264515668084,0.6596100722500979,0.6572775589230453,0.5602118872128756,0.6984234056201584,0.6375308841122722,0.665353549429913,0.6448442740277263,0.6883167775096238,0.6236286970283182,0.6918330278391369,0.624696350878065,0.5885623059558837,0.652103618527944,0.5814551418442173,0.5194427596077964,0.4482231106080003,0.3311910820684668,0.34451221874548815,0.44307482856034597,0.472295146965904,0.4484085323726912,0.38734761658134925,0.3080377885910553,0.26030397981498293,0.24786451888133532,0.19297732153905708,0.11180213805389969,0.12152563245195369,0.0,0.017071638027502146,0.0,0.0,0.0,0.0,0.0,0.0,0.0,0.0,0.0,0.0,0.0,0.0,0.0,0.0,0.0,0.0,0.0,0.0,0.0
0.0,0.0,0.0,0.0,0.0,0.0,0.0,0.0,0.0,0.0,0.0,0.0,0.0,0.0,0.0,0.0,0.0,0.0,0.0,0.0,0.0,0.0,0.0,0.0,0.0,0.0,0.0,0.0,0.0,0.0,0.0,0.0,0.006514306691843878,0.03909510207024765,0.0929477728467201,0.15332903389813235,0.1790044529348521,0.2146372307881834,0.18495557916112798,0.23203635027249458,0.2790101836677586,0.3362765449092948,0.45551377578289964,0.40256177962844547,0.471319526673381,0.4759268589412782,0.492410513407319,0.554774666587923,0.47854382237754034,0.5023905675614795,0.5428603880138222,0.443052263920376,0.5126445127253344,0.5058621382265507,0.45458079798614154,0.3972112143743466,0.574200250979665,0.6220424066556176,0.5399305641511855,0.5720892720305577,0.4598886040715898,0.3860716782624336,0.40490297528400926,0.33720038948128783,0.22121176307603763,0.21059650614753764,0.19508725658200787,0.31268726953256165,0.2575018888053715,0.3033362375815726,0.17822503829835828,0.13606292693190095,0.08205535531801984,0.08745900954097552,0.06590172935386403,0.0371632188979923,0.0,0.0033667575138290502,0.0,0.0,0.0,0.0,0.0,0.0,0.0,0.0,0.0,0.0,0.0,0.0,0.0,0.0,0.0,0.0,0.0,0.0
0.0,0.0,0.0,0.0,0.0,0.0,0.0,0.0,0.0,0.0,0.0,0.0,0.0,0.0,0.0,0.0,0.0,0.0,0.0,0.0,0.0,0.0,0.0,0.0,0.0,0.0,0.0,0.0,0.0,0.0,0.0,0.024287692213064562,0.04098654266115075,0.030866618791628865,0.07588186614188355,0.1613158316266452,0.12889950633143976,0.12285584378844178,0.13990486853273695,0.16476612893593867,0.07521273843251348,0.13434446876718834,0.11194596802101728,0.11834789657677863,0.12707448640211122,0.1714951136281666,0.19280130785040092,0.10103769643148018,0.11343430250149257,0.15153040983970953,0.19108890629054281,0.2255040559625685,0.24765273849136596,0.2875219479818932,0.3324458293871452,0.2647132097578356,0.2591003467172115,0.3155039557380821,0.3407669638280264,0.3489564342864868,0.4254589755754342,0.3056583903445246,0.3822194888468633,0.3501868080967578,0.3731580882708525,0.312644028500318,0.2555901492121695,0.3029721814485243,0.20806334815406327,0.1853378383495727,0.16710615839647244,0.1264652651761662,0.08459476405296228,0.03610607980265501,0.05117695527691022,0.020969505109080917,0.008072338542244886,6.675784574308036e-05,0.0,0.0,0.0,0.0,0.0,0.0,0.0,0.0,0.0,0.0,0.0,0.0,0.0,0.0,0.0,0.0,0.0,0.0
0.0,0.0,0.0,0.0,0.0,0.0,0.0,0.0,0.0,0.0,0.0,0.0,0.0,0.0,0.0,0.0,0.0,0.0,0.0,0.0,0.0,0.0,0.0,0.0,0.0,0.0,0.0,0.0,0.0,0.0,0.0,0.003657020931619629,0.002225651414140585,0.0,0.0,0.013732896634981721,0.03028953774554079,0.036592826892084984,0.05487492098220838,0.039365562313134,0.0018281659564549982,0.029540494538224403,0.0398303415178036,0.040958565643714924,0.08511030331886499,0.08860485374101039,0.08106701475556197,0.15637018859527133,0.18666786223132698,0.18420599826268788,0.18738952237367978,0.13741730619980436,0.13729035464225361,0.1404242713868648,0.17007527327028327,0.1906685885188031,0.18944860668333557,0.18661467618486174,0.1725351370519604,0.20949160361798824,0.20032024993893321,0.2952846326566834,0.3092760114917862,0.2654708825182095,0.3026366557501643,0.31994764733475517,0.3090425925925533,0.32586482365914515,0.3066024143896151,0.20202107085951962,0.15203978558208825,0.1620151234419122,0.17200694121239585,0.15769512373300157,0.10213077851552776,0.0823432281259959,0.06245526314287243,0.03119515022893956,0.0,0.0,0.0,0.0,0.0,0.0,0.0,0.0,0.0,0.0,0.0,0.0,0.0,0.0,0.0,0.0,0.0,0.0
0.0,0.0,0.0,0.0,0.0,0.0,0.0,0.0,0.0,0.0,0.0,0.0,0.0,0.0,0.0,0.0,0.0,0.0,0.0,0.0,0.0,0.0,0.0,0.0,0.0,0.0,0.0,0.0,0.0,0.0,0.006185358275832123,0.01840034532596736,0.012408693690794066,0.04267723397317248,0.024132735243280072,0.0,0.020770003771477585,0.08227192764433175,0.13095119490108903,0.13725628153181552,0.106552502846983,0.15897836566910262,0.1922863601036257,0.23584834032474353,0.31172513466191537,0.3068426095266934,0.4052972536210051,0.3102216037700655,0.43978741324113757,0.40946027431141185,0.44786644450823665,0.5927882445159175,0.621601632391807,0.6020427723460712,0.6244287537417081,0.6149212443835039,0.6163528541117661,0.5562769618016705,0.7327489912363979,0.6769267366320992,0.6116918557884994,0.5772062492390088,0.6349828741305682,0.5528344772908764,0.5286487548519475,0.34072772267351015,0.462319317845023,0.368821123295168,0.2654101313562622,0.290744436139418,0.27252030467739524,0.2349488960115157,0.2572766186511112,0.11182488149453529,0.11371282692364093,0.036062647465850195,0.04169410844879254,0.0,0.0,0.0,0.0,0.0,0.0,0.0,0.0,0.0,0.0,0.0,0.0,0.0,0.0,0.0,0.0,0.0,0.0,0.0
0.0,0.0,0.0,0.0,0.0,0.0,0.0,0.0,0.0,0.0,0.0,0.0,0.0,0.0,0.0,0.0,0.0,0.0,0.0,0.0,0.0,0.0,0.0,0.0,0.0,0.0,0.0,0.0,0.0,0.0,0.0,0.0,0.010484115619227505,0.0,0.07632868123656913,0.12135272674114993,0.05278689245497084,0.25066222267302385,0.3083952415111558,0.2869350457737843,0.25088807975467853,0.4636620702884925,0.5614049500178577,0.5663455953134336,0.5281566388600092,0.572039067573739,0.6615617349387143,0.7043654071300054,0.7948744916787547,0.762881753156574,0.7510001026529441,0.8362486404334355,0.7568889828996922,0.7097164515122869,0.8065774652273621,0.7686009220800436,0.7695773139909232,0.6845609968140013,0.5419149851454694,0.6857865906860708,0.6789503916596512,0.6653011863392063,0.5358784228196081,0.5563654770991826,0.5788807509147035,0.38325809460483706,0.3500922467643021,0.42543413195162244,0.362683238376639,0.39865619938377733,0.2505354004208029,0.18308947139981308,0.05980836954804955,0.15866965572822192,0.08562804547175723,0.0,0.0,0.010048438013106085,0.0,0.0,0.0,0.0,0.0,0.0,0.0,0.0,0.0,0.0,0.0,0.0,0.0,0.0,0.0,0.0,0.0,0.0
0.0,0.0,0.0,0.0,0.0,0.0,0.0,0.0,0.0,0.0,0.0,0.0,0.0,0.0,0.0,0.0,0.0,0.0,0.0,0.0,0.0,0.0,0.0,0.0,0.0,0.0,0.0,0.0,0.0,0.0,0.0,0.0,0.0,0.03461964862261448,0.0268221407349804,0.06450352336608217,0.07958099180921654,0.10718613685924974,0.15315034899585603,0.2445372420376709,0.21826719689652246,0.28866398559622986,0.3033405704787939,0.41989548441363606,0.46844599303794254,0.4610325169777707,0.42180347202436125,0.4049257830631335,0.528630832080332,0.5178829004943393,0.4783116748576231,0.4816441590098323,0.4525975128874568,0.4724819983088231,0.34403412015296453,0.5022256736345464,0.505622495236382,0.4531994250447996,0.38008490557588714,0.3478567660859961,0.27612466855259865,0.2618049850848541,0.23143791507031844,0.169037361649122,0.14635580201259976,0.02500832648358689,0.07084606495900075,0.06050729192876301,0.03244507150590601,0.02556927437433728,0.05054282158733596,0.04217669971244654,0.018530242269539473,0.025413077904818594,0.01746268777263513,0.0,0.0,0.0,0.0,0.0,0.0,0.0,0.0,0.0,0.0,0.0,0.0,0.0,0.0,0.0,0.0,0.0,0.0,0.0,0.0,0.0
0.0,0.0,0.0,0.0,0.0,0.0,0.0,0.0,0.0,0.0,0.0,0.0,0.0,0.0,0.0,0.0,0.0,0.0,0.0,0.0,0.0,0.0,0.0,0.0,0.0,0.0,0.0,0.0,0.0,0.0,0.0,0.0,0.002629771368244532,0.0,0.010963681683899298,0.015247243201091219,0.009712254081923125,0.01998613438566342,0.022013917020566,0.030254972468868692,0.028668941392012336,0.03278278857374613,0.04081600641743334,0.02434205710617488,0.05734717622482739,0.038633943202095074,0.04120989151836568,0.05826654031353835,0.058015040160827765,0.07387784885912863,0.07285181790929429,0.06975878698924426,0.08615574839644839,0.10286968513221366,0.08552024293365491,0.07568999684612844,0.06677499589905579,0.0674220350441872,0.08810532903968943,0.08289000553720081,0.09254020624946942,0.09476971696546177,0.1091772538506583,0.09677093013983826,0.0888351322689906,0.08421253406961439,0.1001807676000211,0.07785334714862033,0.06849454645357173,0.05490793430263456,0.04456086934012828,0.010537217802416322,0.010552448012538317,0.02834576604091559,0.02510140333480584,0.008927357573780903,0.0010756688905542468,0.0,0.0,0.0,0.0,0.0,0.0,0.0,0.0,0.0,0.0,0.0,0.0,0.0,0.0,0.0,0.0,0.0,0.0,0.0
0.0,0.0,0.0,0.0,0.0,0.0,0.0,0.0,0.0,0.0,0.0,0.0,0.0,0.0,0.0,0.0,0.0,0.0,0.0,0.0,0.0,0.0,0.0,0.0,0.0,0.0,0.0,0.0,0.0,0.0,0.0,0.013929026869201567,0.026870693252538536,0.029899702561494504,0.026558938775386953,0.10045659580757188,0.10886110071558491,0.15982193452040572,0.17037219384643404,0.18001706337778825,0.1640023813676958,0.2153150020877554,0.22615168089248855,0.25882635222788747,0.30674640826337723,0.2628974162417844,0.3442277112060902,0.3851904243455207,0.33744794654167865,0.32410740916710884,0.3442227477573108,0.35252433936226335,0.3064338906851688,0.2487180565273477,0.3123609210363152,0.20227782235235026,0.2679180947599194,0.23850907822884093,0.21929610820558182,0.22777387987836928,0.17350665830648573,0.252843557814982,0.210660528373254,0.2634452153204162,0.25535865530429475,0.2691155547971293,0.23130253984279553,0.23689143032576654,0.151465213028331,0.10399534001157582,0.08753424030742236,0.044114545815906174,0.07032945092757503,0.0215379669539998,0.02218163703591034,0.0,0.008793062062999759,0.0014663816529054251,0.0005313893659102192,0.0,0.0,0.0,0.0,0.0,0.0,0.0,0.0,0.0,0.0,0.0,0.0,0.0,0.0,0.0,0.0,0.0
0.0,0.0,0.0,0.0,0.0,0.0,0.0,0.0,0.0,0.0,0.0,0.0,0.0,0.0,0.0,0.0,0.0,0.0,0.0,0.0,0.0,0.0,0.0,0.0,0.0,0.0,0.0,0.0,0.0,0.0,0.0,0.0018844547159882173,0.0,0.051676585119857704,0.04078723198469447,0.08041047419719093,0.0924934732643678,0.0,0.11173434526928183,0.13975672694675967,0.20864102823035938,0.21300533179304293,0.16018727557242599,0.2633276843075778,0.28981450543563364,0.2236615254484567,0.313677238321887,0.38941046284333136,0.49239178426943153,0.41459036095832236,0.39856468946962403,0.5425339690512432,0.5309001652949671,0.40740468868070695,0.537699850469575,0.35138438778334546,0.3662761941228244,0.2997742474237036,0.4185808390178255,0.5219416873054411,0.47965337803368624,0.4199395075537155,0.37852392385798644,0.32741340888809306,0.33849446436622005,0.22689151016460457,0.27926814803105215,0.24166935638104967,0.1780135042372705,0.173437405764595,0.12981746290553187,0.1056468962247118,0.08398211367480855,0.038274353570847956,0.024884591178117678,0.0,0.0,0.0,0.0,0.0,0.0,0.0,0.0,0.0,0.0,0.0,0.0,0.0,0.0,0.0,0.0,0.0,0.0,0.0,0.0,0.0
0.0,0.0,0.0,0.0,0.0,0.0,0.0,0.0,0.0,0.0,0.0,0.0,0.0,0.0,0.0,0.0,0.0,0.0,0.0,0.0,0.0,0.0,0.0,0.0,0.0,0.0,0.0,0.0,0.0,0.0,0.0,0.0,0.0,0.012118614607258514,0.044031898835188946,0.08823292725192108,0.13737030639665204,0.18341088978109604,0.16606317499364248,0.25366902664650304,0.27768889831445637,0.2593187728780711,0.3729332411132726,0.4250496055617373,0.4394498199644552,0.4560037757490634,0.34762181610157544,0.44729449054781867,0.37756102533514047,0.36263377009887615,0.3462177587832859,0.3180747219908887,0.3383150458773222,0.3478093631887956,0.3839317784655893,0.39604450576556893,0.40240230838888424,0.4058056797191544,0.4347797309096156,0.4949653333725738,0.5611956695614142,0.5916782377969129,0.44858633080906096,0.45218981690367405,0.3773821192254269,0.4824063306882125,0.37571700548384374,0.3489945556111619,0.27136358708174757,0.18094346565072622,0.20943692566573227,0.11693292856367642,0.12199006047656825,0.11517755181424856,0.007365623803770149,0.025423107214028996,0.021955778793308404,0.0,0.0,0.0,0.0,0.0,0.0,0.0,0.0,0.0,0.0,0.0,0.0,0.0,0.0,0.0,0.0,0.0,0.0,0.0
0.0,0.0,0.0,0.0,0.0,0.0,0.0,0.0,0.0,0.0,0.0,0.0,0.0,0.0,0.0,0.0,0.0,0.0,0.0,0.0,0.0,0.0,0.0,0.0,0.0,0.0,0.0,0.0,0.0,0.0,0.0009911291821838699,0.0,0.014654631466205435,0.02998773156232146,0.05156779581622182,0.05068163423830872,0.05786699964125381,0.02888393713008592,0.04150108082305284,0.09604793921825883,0.09073747949185959,0.0974860236810424,0.11251596894729406,0.11305303211793086,0.11110676875233644,0.12481526630906595,0.14712107875230535,0.16403883198313632,0.13353223355355018,0.14586673596128139,0.1854672575332485,0.19789834080603846,0.19940927670604,0.22263431232245573,0.22380002522148632,0.17261843821893189,0.13635333621102383,0.1402645735281825,0.12037927890606859,0.10895327032693147,0.12744051235944714,0.09874737628930232,0.0799766391555891,0.10272281096661237,0.10359420294032899,0.05382229270593107,0.05212158231004928,0.02267414453633508,0.03059375693335891,0.028852307698548577,0.026230389143657554,0.026384927078053566,0.014884221750792105,0.0,0.00030179417650681543,0.0,0.0,0.0,0.0,0.0,0.0,0.0,0.0,0.0,0.0,0.0,0.0,0.0,0.0,0.0,0.0,0.0,0.0,0.0,0.0,0.0
0.0,0.0,0.0,0.0,0.0,0.0,0.0,0.0,0.0,0.0,0.0,0.0,0.0,0.0,0.0,0.0,0.0,0.0,0.0,0.0,0.0,0.0,0.0,0.0,0.0,0.0,0.0,0.0,0.0,0.0,0.008366980937240802,0.0,0.0022487360402607542,0.01627318102266105,0.0709302798733623,0.026616288836932178,0.14105184561959916,0.14107052540965867,0.1409116256390346,0.18731280639642606,0.20366828231416706,0.29829560402429917,0.3767363280598467,0.4560818118009137,0.439742015490984,0.5285451164670876,0.5675186781313383,0.5304813248168393,0.6693510715852103,0.6659470020157213,0.6261403092360349,0.5938098775225794,0.590594441138943,0.6489779653003367,0.6415383277554965,0.4958206927968208,0.5801986668074387,0.44082069284051006,0.4568268472702228,0.5171080843063436,0.5108317494625335,0.5258493402787552,0.351278053130208,0.4351540020567717,0.37622310280846677,0.4329046990174108,0.3249684841724802,0.37245053947454465,0.37439489139194654,0.16574452586627342,0.2005391712653383,0.1372940794793,0.10190430957722382,0.0648088855034871,0.03232223856259659,0.028557799154492435,0.010899892260703169,0.0,0.0,0.0,0.0,0.0,0.0,0.0,0.0,0.0,0.0,0.0,0.0,0.0,0.0,0.0,0.0,0.0,0.0,0.0
0.0,0.0,0.0,0.0,0.0,0.0,0.0,0.0,0.0,0.0,0.0,0.0,0.0,0.0,0.0,0.0,0.0,0.0,0.0,0.0,0.0,0.0,0.0,0.0,0.0,0.0,0.0,0.0,0.0,0.0,0.0,0.0,0.008773077878638846,0.0,0.028280728407460383,0.08308717371184515,0.1290861882907413,0.11122421174381475,0.17347229434251019,0.07934330357066846,0.1629247510098645,0.21730764951342407,0.2363340464630258,0.22065148919549865,0.3025111685963042,0.323842956249687,0.4285071513165176,0.3800620348786006,0.508015160585191,0.5302614769556956,0.5029685477511094,0.48849480644030163,0.5877100333854766,0.48655709761909616,0.43303415184086547,0.37200454922637116,0.2578680200654304,0.23181255036427412,0.19425979779972938,0.21702456206152812,0.18039907669631583,0.15136758311724663,0.1208142214167365,0.09238838988055846,0.06584171423547924,0.1624300783813948,0.09405230277871879,0.1590865844752637,0.10758697269084724,0.09721462132783651,0.09709935056396232,0.1251074538714203,0.12120426157163998,0.028406465663732394,0.03295193946187158,0.0,0.0,0.0,0.0,0.0,0.0,0.0,0.0,0.0,0.0,0.0,0.0,0.0,0.0,0.0,0.0,0.0,0.0,0.0,0.0,0.0
0.0,0.0,0.0,0.0,0.0,0.0,0.0,0.0,0.0,0.0,0.0,0.0,0.0,0.0,0.0,0.0,0.0,0.0,0.0,0.0,0.0,0.0,0.0,0.0,0.0,0.0,0.0,0.0,0.0,0.0,0.0,0.0,0.027196910873345352,0.062079733632245754,0.06513017517947371,0.16072425863524775,0.1739537349810053,0.22237060766115901,0.2613434923655526,0.3688960113008957,0.3638395265330697,0.41585731475367016,0.515563644890158,0.4278823807800791,0.5677471920394472,0.6601179523555052,0.69721876403552,0.6742127707374732,0.6798628537798748,0.5808176275557221,0.5235022751059885,0.500406908607687,0.41056224897474486,0.42772060381543314,0.487907080736605,0.5309221037827219,0.56122440557721,0.4990308438473882,0.5283381579218327,0.4864875740213044,0.5507538852895011,0.524653639745077,0.3616810259929357,0.5044741693040516,0.5272752822940372,0.4213652707779264,0.4623340088093228,0.31019293085570254,0.33387651378509825,0.2619002808129592,0.1820725942221572,0.17427728799590597,0.14746334990633597,0.017220341850062118,0.02985126326313344,0.0,0.0,0.0,0.0,0.0,0.0,0.0,0.0,0.0,0.0,0.0,0.0,0.0,0.0,0.0,0.0,0.0,0.0,0.0,0.0,0.0
0.0,0.0,0.0,0.0,0.0,0.0,0.0,0.0,0.0,0.0,0.0,0.0,0.0,0.0,0.0,0.0,0.0,0.0,0.0,0.0,0.0,0.0,0.0,0.0,0.0,0.0,0.0,0.0,0.0,0.0,0.0,0.012031897029714219,0.03942102111031973,0.033522337121032676,0.10965486602928043,0.10473816704616151,0.18960283949114748,0.2634378064462037,0.2931574797173446,0.39013810650982417,0.46761134111012964,0.5218094707886832,0.5980277380298766,0.6206748434175764,0.6490157680092723,0.6829953940061011,0.6757577109658082,0.7228990074370076,0.7085711816737749,0.6785758924801543,0.7823912579288581,0.6742431307052149,0.8204177082230766,0.8180369594073122,0.7341197187079005,0.8083012835971847,0.7293139441030081,0.7898569443173112,0.5385474867253445,0.6080765712847016,0.6922374127713281,0.6817703078577905,0.6585165133056305,0.547681876411972,0.5959688781652317,0.4560950485026775,0.3856008351556858,0.4087438565849093,0.3427678583785557,0.29672334073866113,0.28572822755999006,0.19070404006152347,0.09206592693321801,0.0,0.0,0.0,0.0,0.0006058266708543108,0.0,0.0,0.0,0.0,0.0,0.0,0.0,0.0,0.0,0.0,0.0,0.0,0.0,0.0,0.0,0.0,0.0,0.0
0.0,0.0,0.0,0.0,0.0,0.0,0.0,0.0,0.0,0.0,0.0,0.0,0.0,0.0,0.0,0.0,0.0,0.0,0.0,0.0,0.0,0.0,0.0,0.0,0.0,0.0,0.0,0.0,0.0,0.0,0.0,0.0,0.04287642091868442,0.06623275117875622,0.029085375810077432,0.08017223530689578,0.15212913545586143,0.17715593132305638,0.16589307401098147,0.25769046924530614,0.2030855275234406,0.2481306863074588,0.25473314110740536,0.34374760990594583,0.391609426367766,0.38271496968930163,0.44674983917431876,0.4449081595020882,0.4767751044633821,0.45422485593429485,0.45663235065692487,0.49282583728173074,0.4476460793115038,0.3875313191098417,0.33897779947077045,0.32262860138781924,0.28623255052501523,0.2862285514365172,0.28107647238867556,0.30079402411328127,0.2728164561840973,0.16893457701081158,0.17544920025557162,0.21075290402908303,0.14670703406242858,0.1902250312726696,0.15260558885568465,0.14219567556794963,0.002291530102687178,0.08022550933602274,0.0,0.0,0.03617808880284557,0.01530229010803883,0.0,0.0,0.0,0.0,0.0,0.0,0.0,0.0,0.0,0.0,0.0,0.0,0.0,0.0,0.0,0.0,0.0,0.0,0.0,0.0,0.0,0.0
0.0,0.0,0.0,0.0,0.0,0.0,0.0,0.0,0.0,0.0,0.0,0.0,0.0,0.0,0.0,0.0,0.0,0.0,0.0,0.0,0.0,0.0,0.0,0.0,0.0,0.0,0.0,0.0,0.0,0.0,0.0,0.0,0.0,0.01543044499763351,3.595295832960199e-05,0.035832985071160374,0.03284926060585036,0.036999008344968,0.021469551034384894,0.06051096982158426,0.048044090688126706,0.10627122233295636,0.09268443602959166,0.0981763222255888,0.1444994533593873,0.12889738047260269,0.20247566386980825,0.19778645481943027,0.26321734887284165,0.2858308346431844,0.27599668393282206,0.23874619355990215,0.2006950720806261,0.23608580442594174,0.27590809816142425,0.2479978210560773,0.23125100076217087,0.22292235895390122,0.20800264560943954,0.18376323694910096,0.18971091505142282,0.1811361862628746,0.1620181989790636,0.057784638336492694,0.11879152921679763,0.1225199224671383,0.09251742881965708,0.10883113820199379,0.10172107187483322,0.09274283705390016,0.08612304217489936,0.058417356553857484,0.029504660300195242,0.03701549840949884,0.0,0.0,0.0,0.0,0.0,0.0,0.0,0.0,0.0,0.0,0.0,0.0,0.0,0.0,0.0,0.0,0.0,0.0,0.0,0.0,0.0,0.0
0.0,0.0,0.0,0.0,0.0,0.0,0.0,0.0,0.0,0.0,0.0,0.0,0.0,0.0,0.0,0.0,0.0,0.0,0.0,0.0,0.0,0.0,0.0,0.0,0.0,0.0,0.0,0.0,0.0,0.0,0.0,0.002178470067487788,0.0,0.012417665598959363,0.003991642358890671,0.13045183851941125,0.11804691196218786,0.26573446882523793,0.28719638298272376,0.38274754566832325,0.41476293045742907,0.485852777607264,0.4423400720007223,0.5457759301022507,0.5417073856523684,0.523824485216404,0.4776407065202331,0.5571017314321901,0.46522386765740026,0.5001099406077049,0.6394260363351191,0.5814234634873657,0.525764761900221,0.5270442833947846,0.5135616175321671,0.49459414490018605,0.522427101546113,0.4362314279107472,0.35047265897013724,0.4081235791887365,0.4360913409625041,0.4043617255569733,0.356897359009775,0.3798117133863613,0.36025600299668953,0.36672083553942675,0.38739388876253783,0.31422054222990503,0.1849198474221317,0.182488249645621,0.12785322864345816,0.02703040605302845,0.10160013423177142,0.03955647291221268,0.0,0.0,0.0,0.0,0.0,0.0,0.0,0.0,0.0,0.0,0.0,0.0,0.0,0.0,0.0,0.0,0.0,0.0,0.0,0.0,0.0,0.0
0.0,0.0,0.0,0.0,0.0,0.0,0.0,0.0,0.0,0.0,0.0,0.0,0.0,0.0,0.0,0.0,0.0,0.0,0.0,0.0,0.0,0.0,0.0,0.0,0.0,0.0,0.0,0.0,0.0,0.0,0.0,0.0,0.0,0.009604426995520884,0.010247325622725564,0.019487713754837988,0.013105393795441365,0.0422614348494143,0.06016183924000077,0.06864447949416293,0.08972121761639118,0.1000120428471124,0.10857194850806606,0.12667309700767496,0.13906155312768387,0.11981814609410728,0.1612884739952847,0.15317956110270867,0.20767227917199846,0.24215297936974015,0.21259566528274335,0.20077080972986064,0.20279964438489623,0.20277625705027172,0.1751183824935466,0.15018166227389704,0.16557837992856073,0.167816969486798,0.14258261736416447,0.10343364791594672,0.08767698848507945,0.060578030387570155,0.08862300180679822,0.10627685868633033,0.06181622746506321,0.03484330049030507,0.05100511582252814,0.023639980432966595,0.046535419343234914,0.0,0.004664609581994585,0.019023266342501757,0.017654392562957078,0.01953317226653013,0.0022000138360437575,0.0068397741729648125,0.0,0.0,0.0,0.0,0.0,0.0,0.0,0.0,0.0,0.0,0.0,0.0,0.0,0.0,0.0,0.0,0.0,0.0,0.0,0.0
0.0,0.0,0.0,0.0,0.0,0.0,0.0,0.0,0.0,0.0,0.0,0.0,0.0,0.0,0.0,0.0,0.0,0.0,0.0,0.0,0.0,0.0,0.0,0.0,0.0,0.0,0.0,0.0,0.0,0.0,0.0,0.0,0.010781182872097578,0.0,0.04258980673201063,0.047015323009651604,0.10025261845130062,0.1247432217672118,0.093708209697511,0.08766249610946919,0.1163021894847282,0.15162833569987733,0.11934287885439473,0.18172988961692219,0.18255236120332008,0.19055995600237033,0.175156702885002,0.1890970808144128,0.19384679246364075,0.21022087917617685,0.1662831061581831,0.20671028954790455,0.23089540020394214,0.26983577777776113,0.2733651764001911,0.3144138357366136,0.34644219211756827,0.3183077770663084,0.2452985615800564,0.2515845336726658,0.2767757917350981,0.2587401883521041,0.2711198674038175,0.23346038041167533,0.11533168699587752,0.14179665964070962,0.13133511429393707,0.04849357855345546,0.09363942922499151,0.03186478758782636,0.07983691412304221,0.06947226414439814,0.021621303108719875,0.04176706530543111,0.0,0.004742535911251351,0.0,0.0,0.0,0.0,0.0,0.0,0.0,0.0,0.0,0.0,0.0,0.0,0.0,0.0,0.0,0.0,0.0,0.0,0.0,0.0
0.0,0.0,0.0,0.0,0.0,0.0,0.0,0.0,0.0,0.0,0.0,0.0,0.0,0.0,0.0,0.0,0.0,0.0,0.0,0.0,0.0,0.0,0.0,0.0,0.0,0.0,0.0,0.0,0.0,0.0,0.0,0.0,0.0026276358960132806,0.0,0.08459567073666355,0.08135769129821532,0.1141748473557493,0.22101312878885998,0.21483184474036948,0.28024294021091095,0.29895978729343015,0.4462139042332248,0.5049070014271587,0.49154701547171514,0.5813661751873594,0.5438701421411609,0.6545898024418034,0.6249422560431728,0.589599666511278,0.4935363163000032,0.43119380940093094,0.4280605738512722,0.4675143087915654,0.4157648488864186,0.4134543784932748,0.3698025309817691,0.26736427572857735,0.3706041947551514,0.33765116334019224,0.3482267498301346,0.31234855045643134,0.23974683022393767,0.21343709037688866,0.3072129348127761,0.28181237801316655,0.2102524675737491,0.20114555456044564,0.2000227677066881,0.073190244284254,0.16303018686715784,0.08050359531835743,0.027437584604301027,0.06235545022424024,0.0,0.0,0.0,0.0,0.0,0.0,0.0,0.0,0.0,0.0,0.0,0.0,0.0,0.0,0.0,0.0,0.0,0.0,0.0,0.0,0.0,0.0,0.0
0.0,0.0,0.0,0.0,0.0,0.0,0.0,0.0,0.0,0.0,0.0,0.0,0.0,0.0,0.0,0.0,0.0,0.0,0.0,0.0,0.0,0.0,0.0,0.0,0.0,0.0,0.0,0.0,0.0,0.0,0.0,0.0,0.012884481414229187,0.0,0.0026037836262504666,0.1355028032965757,0.18535652833960567,0.2180619182563395,0.32002619593315396,0.34515482419749977,0.4435289885314102,0.44600060964009586,0.49310181701755806,0.5769862870401172,0.6427767091894436,0.46878264667600744,0.6403734936541245,0.6629735960327197,0.7232500446618433,0.669881038597764,0.6605794240640603,0.6015106805556343,0.6635427179375012,0.5906557243357884,0.6081555889744986,0.5754227945806164,0.5498042901163602,0.3789849603016866,0.5186403790540488,0.517071226604211,0.5103343931912266,0.41794448696057174,0.42969448483658756,0.40875841808799007,0.373282576017819,0.2576430208496571,0.15770792215860094,0.28795816324218493,0.23885184391075706,0.19480144302820498,0.10541046534199673,0.1007697189720602,0.08271716622284682,0.0,0.0,0.0,0.0,0.0,0.0,0.0,0.0,0.0,0.0,0.0,0.0,0.0,0.0,0.0,0.0,0.0,0.0,0.0,0.0,0.0,0.0,0.0
0.0,0.0,0.0,0.0,0.0,0.0,0.0,0.0,0.0,0.0,0.0,0.0,0.0,0.0,0.0,0.0,0.0,0.0,0.0,0.0,0.0,0.0,0.0,0.0,0.0,0.0,0.0,0.0,0.0,0.0,0.0,0.0,0.0,0.0,0.028195500106976218,0.10246312765192403,0.14710162616315148,0.250835220833605,0.2877631925116376,0.30856000312576753,0.38156538033363596,0.35713666475268985,0.37383240984513916,0.5889703721910501,0.5444067031069659,0.621365251465219,0.6025558496693982,0.5974749721229589,0.6601137628906297,0.5520445888028969,0.5967822998436894,0.548414010423856,0.6048400968923051,0.5423196247137534,0.5548616395696295,0.5716631348581229,0.572875065903811,0.5986887151013864,0.6175291068507663,0.5588838092403908,0.5099674291446504,0.4799509525581305,0.3797581789726223,0.3868355246411239,0.41368798051041605,0.4334722180874426,0.35957969131325235,0.33274784042424027,0.18981722279257368,0.22156068899166698,0.1603722748775852,0.13132791126195165,0.09264793549294612,0.01098532830485436,0.0,0.0,0.0,0.0,0.0,0.0,0.0,0.0,0.0,0.0,0.0,0.0,0.0,0.0,0.0,0.0,0.0,0.0,0.0,0.0,0.0,0.0
0.0,0.0,0.0,0.0,0.0,0.0,0.0,0.0,0.0,0.0,0.0,0.0,0.0,0.0,0.0,0.0,0.0,0.0,0.0,0.0,0.0,0.0,0.0,0.0,0.0,0.0,0.0,0.0,0.0,0.0,0.0,0.0,0.0,0.0,0.0,0.012491037720844807,0.0,0.029614921101077538,0.002357557727325821,0.11025095316252323,0.20317640978830145,0.17626033181399337,0.23289437342672012,0.3316284387676066,0.29284823118704895,0.4046677010841437,0.40844649094132024,0.40903866217279555,0.5439728146242583,0.5686180984349696,0.5209592608747036,0.44588723089834587,0.6233376347831997,0.6420319049669561,0.5793960953968506,0.49068914422928345,0.566734902556536,0.5492780549978725,0.5321546457893378,0.5801065153738654,0.5231162035094415,0.5726701118183801,0.46973874397567317,0.46988055931283157,0.31852961530367974,0.3711231978091044,0.38446302269419663,0.30207003162249335,0.1962227105555625,0.06719763126342354,0.137747008002869,0.08735446716199893,0.017322908654592024,0.00474197337795889,0.010592776414739878,0.0,0.0,0.0,0.0,0.0,0.0,0.0,0.0,0.0,0.0,0.0,0.0,0.0,0.0,0.0,0.0,0.0,0.0,0.0,0.0,0.0
0.0,0.0,0.0,0.0,0.0,0.0,0.0,0.0,0.0,0.0,0.0,0.0,0.0,0.0,0.0,0.0,0.0,0.0,0.0,0.0,0.0,0.0,0.0,0.0,0.0,0.0,0.0,0.0,0.0,0.0,0.0,0.0,0.0009351086419327999,0.0,0.0,0.031735495285081704,0.012894329928463677,0.038868083666526484,0.0745078619547883,0.081633656944607,0.0960723013772274,0.11079727572307622,0.13024874920555835,0.13394460366148067,0.09539059838075256,0.16228482899949198,0.1398908725059666,0.10789172202626572,0.1638786189971814,0.17375162186440365,0.17410470660695604,0.16317675977269402,0.24646904563253993,0.2540915581424182,0.22776656156794672,0.2456364623625965,0.2582873154441275,0.23249068021090694,0.21378470563049837,0.21236837541180298,0.21441411722913026,0.14375825183713525,0.19640640161689304,0.17718309368869556,0.25176155656988086,0.2369152213991223,0.27094928807667473,0.2696792983786358,0.22806029645200068,0.15749763346378787,0.15444522634585617,0.11767743145796582,0.07894272987854754,0.012459530648543118,0.0,0.0,0.0,0.0,0.0,0.0,0.0,0.0,0.0,0.0,0.0,0.0,0.0,0.0,0.0,0.0,0.0,0.0,0.0,0.0,0.0,0.0
0.0,0.0,0.0,0.0,0.0,0.0,0.0,0.0,0.0,0.0,0.0,0.0,0.0,0.0,0.0,0.0,0.0,0.0,0.0,0.0,0.0,0.0,0.0,0.0,0.0,0.0,0.0,0.0,0.0,0.0,0.0,0.0,0.0,0.02587319834680169,0.0,0.034805298507282006,0.07969711659194725,0.1702413587853493,0.1574735944166714,0.274213571709275,0.2821036186193114,0.41093861213931887,0.38474918102233846,0.4962470246912916,0.5610888284021206,0.5995726172044484,0.5789291071034424,0.559112551032378,0.5413272528099514,0.5462743880765188,0.5731369619241329,0.43134417697513794,0.404870312431849,0.4934859955926039,0.5680068906563213,0.585752252774676,0.44367959854613925,0.48165900161959996,0.4107478698097202,0.43473612841593734,0.3495539419709383,0.38470558043802605,0.3217269833727097,0.2543938523730881,0.2605576765202187,0.21059338289432444,0.2054477760693247,0.12289870376843103,0.12207180835536831,0.1416037431881537,0.12275501596027089,0.10089464052146883,0.008470502400932778,0.01040726686633061,0.0,0.0,0.0,0.0,0.0,0.0,0.0,0.0,0.0,0.0,0.0,0.0,0.0,0.0,0.0,0.0,0.0,0.0,0.0,0.0,0.0,0.0
0.0,0.0,0.0,0.0,0.0,0.0,0.0,0.0,0.0,0.0,0.0,0.0,0.0,0.0,0.0,0.0,0.0,0.0,0.0,0.0,0.0,0.0,0.0,0.0,0.0,0.0,0.0,0.0,0.0,0.0,0.0,0.0,0.0,0.011449531067979357,0.0547933141029097,0.09314335615919665,0.08643950258040473,0.1665620102047924,0.12279819853540341,0.3353501118682407,0.3509255933472327,0.47579347828602137,0.39795620330472614,0.44904755762787546,0.5605971296061758,0.5950522158350114,0.6590710496494834,0.6525623654379705,0.6105356350627538,0.6103481385642039,0.6822749109958586,0.6667494651013389,0.7472075216400009,0.6970501261564026,0.7053699797515878,0.7192391822491218,0.7131818184337627,0.6675279457765019,0.6148729507274765,0.654827755257245,0.573643819693086,0.568579153285155,0.554323866407261,0.5419677302189774,0.509287808238131,0.4546305313373413,0.33575040282376944,0.2313740455436632,0.24699047240131786,0.1572531041778109,0.0,0.10013749518457168,0.0,0.010831933475812398,0.026204073923732345,0.0,0.0,0.0,0.0,0.0,0.0,0.0,0.0,0.0,0.0,0.0,0.0,0.0,0.0,0.0,0.0,0.0,0.0,0.0,0.0,0.0
0.0,0.0,0.0,0.0,0.0,0.0,0.0,0.0,0.0,0.0,0.0,0.0,0.0,0.0,0.0,0.0,0.0,0.0,0.0,0.0,0.0,0.0,0.0,0.0,0.0,0.0,0.0,0.0,0.0,0.0,0.0,0.0,0.0,0.0,0.02313680349445222,0.0,0.0,0.01939995271360572,0.05634151626743716,0.0,0.0,0.09849763014913127,0.07620548153051523,0.14558361791216184,0.06071798547763649,0.14813075734207398,0.222407036882458,0.3269455973665216,0.2986844084232303,0.5012218377074381,0.47821845825613096,0.5386313742713673,0.5866765457481204,0.6339606291066157,0.605103419059844,0.6134971143691155,0.5398997576241835,0.661836083590095,0.6149453612786159,0.597616615533594,0.5493180548076245,0.49188450768891273,0.3531097745258661,0.3245441650721461,0.22518959328973487,0.14925906217779217,0.1746951692469761,0.16892555378841237,0.05950773198408604,0.10351876155805095,0.04797834496274644,0.054535116533371834,0.0,0.0,0.0,0.0,0.0,0.0,0.0,0.0,0.0,0.0,0.0,0.0,0.0,0.0,0.0,0.0,0.0,0.0,0.0,0.0,0.0,0.0,0.0,0.0
0.0,0.0,0.0,0.0,0.0,0.0,0.0,0.0,0.0,0.0,0.0,0.0,0.0,0.0,0.0,0.0,0.0,0.0,0.0,0.0,0.0,0.0,0.0,0.0,0.0,0.0,0.0,0.0,0.0,0.0,0.0,0.0,0.0,0.01661150776570479,0.07123131586129808,0.07246432419789062,0.08213775672103513,0.19955858447513317,0.2398933040439633,0.3081901356380095,0.269242779805298,0.30368704138693287,0.41530630499822735,0.5612329391761623,0.5739682351916127,0.5854911380784835,0.6446752791316125,0.6381647874093974,0.6655317343419385,0.7009542261933305,0.6371104771802221,0.7203609071820424,0.6471739032449397,0.7448823640621965,0.7521589767365895,0.7413002452447266,0.6291347692891986,0.6299158729715549,0.6617947668047888,0.6564460397416597,0.6492284264914014,0.5930539775779698,0.4947929892713839,0.5115254968189754,0.5017756333906758,0.2322812791240784,0.2882191972522685,0.2388361672814724,0.27412521525105177,0.19750588247694162,0.156276312130369,0.08163822262998995,0.012764992512858092,0.0,0.0,0.0,0.0,0.0,0.0,0.0,0.0,0.0,0.0,0.0,0.0,0.0,0.0,0.0,0.0,0.0,0.0,0.0,0.0,0.0,0.0,0.0
0.0,0.0,0.0,0.0,0.0,0.0,0.0,0.0,0.0,0.0,0.0,0.0,0.0,0.0,0.0,0.0,0.0,0.0,0.0,0.0,0.0,0.0,0.0,0.0,0.0,0.0,0.0,0.0,0.0,0.0,0.0,0.0,0.0,0.0,0.051788037721418406,0.09903552783661076,0.12302768577594131,0.13567881966425752,0.2053701773414225,0.3097678021463202,0.36532832650498465,0.4253710661322987,0.47026041893173254,0.44622225917099156,0.48744147199375587,0.5854124458504476,0.5374427354309227,0.6310366866739934,0.5584047721231211,0.5407643512764385,0.6752378702286269,0.7156735317846115,0.6539265957623321,0.6185282754181625,0.7332364917728083,0.6637056039254322,0.644107775127419,0.6916768846063086,0.666568328603411,0.5205775955958558,0.6389772751154208,0.5116573903740442,0.548794362609344,0.4510388440558166,0.39140102619211614,0.36874589791953427,0.39606570032596505,0.3081734775809642,0.2500709489294256,0.21956118281309234,0.15212117316730128,0.10052392915072392,0.05202791661453639,0.0,0.0,0.0,0.0,0.0,0.0,0.0,0.0,0.0,0.0,0.0,0.0,0.0,0.0,0.0,0.0,0.0,0.0,0.0,0.0,0.0,0.0,0.0
0.0,0.0,0.0,0.0,0.0,0.0,0.0,0.0,0.0,0.0,0.0,0.0,0.0,0.0,0.0,0.0,0.0,0.0,0.0,0.0,0.0,0.0,0.0,0.0,0.0,0.0,0.0,0.0,0.0,0.0,0.0,0.0,0.0,0.0,0.0,0.07779275819673759,0.1098393966191279,0.1559631293273055,0.149321611802245,0.2707225512740891,0.3382728638582925,0.3895644262464911,0.3799214297342829,0.40483499569301257,0.38224967350946704,0.37755404585636904,0.495641674080515,0.47172644236206884,0.49255081942690254,0.5870966991846136,0.5798141160118249,0.6000123592305788,0.5594875556380233,0.5060910889685343,0.5742168946084006,0.45845978269352217,0.5919271833864836,0.4311530204491108,0.6074064766151858,0.5582758357925451,0.5922856485790999,0.5369987082280413,0.4975974657399477,0.43736895446895163,0.37644155421376296,0.40565925094111793,0.2658835378810447,0.24740734862612807,0.26726230181533867,0.19883545177518544,0.09138492524574854,0.041505167588510083,0.05299461109697157,0.0,0.0,0.0,0.0,0.0,0.0,0.0,0.0,0.0,0.0,0.0,0.0,0.0,0.0,0.0,0.0,0.0,0.0,0.0,0.0,0.0,0.0,0.0
0.0,0.0,0.0,0.0,0.0,0.0,0.0,0.0,0.0,0.0,0.0,0.0,0.0,0.0,0.0,0.0,0.0,0.0,0.0,0.0,0.0,0.0,0.0,0.0,0.0,0.0,0.0,0.0,0.0,0.0,0.0,0.0,0.0,0.0,0.0,0.0,0.15744465521356246,0.12918839786857178,0.24460046834989563,0.3054034606917664,0.25025401399700176,0.41817907357933515,0.4108574750890658,0.4949676009643569,0.47097148189551896,0.5061578708640061,0.48852389008454244,0.585192822098834,0.6458811117877541,0.6167465828286935,0.6803890272645468,0.7087801373798539,0.6934368619229453,0.6822433034418741,0.6782103240945074,0.6591933549777892,0.7233685325626741,0.6371613543590479,0.553293734113691,0.6598416889666182,0.5541754578374241,0.5588747975940552,0.4749752816739204,0.43450286643434477,0.47276421655584844,0.37564877768840893,0.3258889829547641,0.252037549909407,0.1939355925967195,0.18789435906929566,0.1386221759729629,0.0489786912845324,0.020014308320952606,0.0067936990018598875,0.0,0.0,0.0,0.0,0.0,0.0,0.0,0.0,0.0,0.0,0.0,0.0,0.0,0.0,0.0,0.0,0.0,0.0,0.0,0.0,0.0,0.0
0.0,0.0,0.0,0.0,0.0,0.0,0.0,0.0,0.0,0.0,0.0,0.0,0.0,0.0,0.0,0.0,0.0,0.0,0.0,0.0,0.0,0.0,0.0,0.0,0.0,0.0,0.0,0.0,0.0,0.0,0.0,0.0,0.0,0.00527158654728041,0.0,0.0,0.0712437180824298,0.18491180917814695,0.23804552536625792,0.303163023866847,0.3417004300636731,0.40657315441313996,0.41635374348660203,0.38730387547731626,0.45306602946146524,0.3075860535175847,0.457289242909731,0.47820507340849544,0.430558688876508,0.38700566412334253,0.38663555397592936,0.36397131948794376,0.3918676291414107,0.4582469693692625,0.48349590893699523,0.4130720756405237,0.37807070083932803,0.3513516777692782,0.268130956362139,0.18086117486680423,0.14802520918431722,0.11994671567718086,0.07614194403666663,0.10508658561961817,0.07613734076415583,0.07662206285314938,0.08139784002903502,0.06160114984099045,0.040694580726210614,0.0,0.015349778336413222,0.0,0.0,0.0,0.0,0.0,0.0,0.0,0.0,0.0,0.0,0.0,0.0,0.0,0.0,0.0,0.0,0.0,0.0,0.0,0.0,0.0,0.0,0.0,0.0,0.0
0.0,0.0,0.0,0.0,0.0,0.0,0.0,0.0,0.0,0.0,0.0,0.0,0.0,0.0,0.0,0.0,0.0,0.0,0.0,0.0,0.0,0.0,0.0,0.0,0.0,0.0,0.0,0.0,0.0,0.0,0.0,0.0,0.0,0.023810994849856482,0.010316816634044775,0.02718932843103944,0.12289863409598174,0.11558319962960897,0.21227960784495659,0.2321936945418964,0.28058004243675994,0.34969903756383486,0.3456715725705548,0.41191575687496806,0.4819305055179108,0.4594942615985319,0.480691618641875,0.596424317052782,0.6620635906245123,0.6302019310508459,0.5831294616911351,0.5624470355460405,0.6259512756856923,0.6305961037573753,0.6496653076789326,0.5947879558707387,0.6626223371875477,0.5837688686597554,0.6195658860225766,0.5203474543212984,0.4991847962928583,0.4536863312754326,0.3016367040324075,0.42884872734765794,0.42783108484992904,0.3939155084201139,0.3251603974643943,0.29904388851855146,0.24591971989195097,0.10012891604712854,0.11609598933823517,0.01661563797429838,0.021886693030934753,0.0,0.0,0.0,0.0,0.0,0.0,0.0,0.0,0.0,0.0,0.0,0.0,0.0,0.0,0.0,0.0,0.0,0.0,0.0,0.0,0.0,0.0,0.0
0.0,0.0,0.0,0.0,0.0,0.0,0.0,0.0,0.0,0.0,0.0,0.0,0.0,0.0,0.0,0.0,0.0,0.0,0.0,0.0,0.0,0.0,0.0,0.0,0.0,0.0,0.0,0.0,0.0,0.0,0.0,0.0,0.0,0.0034281202116746914,0.0,0.06748310952292888,0.1106491700855275,0.14333428341276294,0.18809447798949921,0.27229084632197337,0.27515693901744,0.3622026167986065,0.4116864261340338,0.3864460354447706,0.3926718869999668,0.45915686058644545,0.5246479129888276,0.5037499569365507,0.5561213578497297,0.4980092705859827,0.6299064271896302,0.43590943949777045,0.5955536103496759,0.5415978382892349,0.5475654736831033,0.4440733060054495,0.45936772559832856,0.4252682324468037,0.4162083719360987,0.3442409129231901,0.35858468158163304,0.30528451507579074,0.32185496482337816,0.3733605647860453,0.37722032727281213,0.3049943701354132,0.23214517196781534,0.19805316401709078,0.06897690010864313,0.059332916860260605,0.07493273297662924,0.010660104676091735,0.022467023798501372,0.0,0.0,0.0,0.0,0.0,0.0,0.0,0.0,0.0,0.0,0.0,0.0,0.0,0.0,0.0,0.0,0.0,0.0,0.0,0.0,0.0,0.0,0.0
0.0,0.0,0.0,0.0,0.0,0.0,0.0,0.0,0.0,0.0,0.0,0.0,0.0,0.0,0.0,0.0,0.0,0.0,0.0,0.0,0.0,0.0,0.0,0.0,0.0,0.0,0.0,0.0,0.0,0.0,0.0,0.0,0.0,0.0031712560221187815,0.00522052863080066,0.02068650649276919,0.03202542950640455,0.030096889450274368,0.05775301272534361,0.048832466155179666,0.07445895312697642,0.05698558587889703,0.07911240881011992,0.08141786401413237,0.07284974591390855,0.09559697810032432,0.09908953150666172,0.09304476461574103,0.11547246338959996,0.1241621084478965,0.14043184579495635,0.1420704912419723,0.15515778376568523,0.14794326784152168,0.13758503396626492,0.13395855184367578,0.14211444755235522,0.13063036287273042,0.1107220792333579,0.10690268916920642,0.09746303105503709,0.08914456749614788,0.07078265597994732,0.05593597858114438,0.04739911580002083,0.040734288597552744,0.03503439079308052,0.028793163629620873,0.021770494617638934,0.02693699777485313,0.021903430477802084,0.005834911175431438,0.0057273840144513605,0.0018150875552554381,0.0,0.0,0.0,0.0,0.0,0.0,0.0,0.0,0.0,0.0,0.0,0.0,0.0,0.0,0.0,0.0,0.0,0.0,0.0,0.0,0.0,0.0
0.0,0.0,0.0,0.0,0.0,0.0,0.0,0.0,0.0,0.0,0.0,0.0,0.0,0.0,0.0,0.0,0.0,0.0,0.0,0.0,0.0,0.0,0.0,0.0,0.0,0.0,0.0,0.0,0.0,0.0,0.0,0.0,0.0,0.0,0.006446753168402451,0.006494477717493785,0.01830099863939411,0.029011465167609177,0.027196974985575512,0.046820663793945595,0.0573027408745124,0.04568825271842956,0.07085762607185447,0.08721045347720333,0.1012830208908805,0.12037746053648805,0.10125267707133168,0.12038200338132621,0.12199831672496969,0.09839400976865989,0.12081989304710013,0.09501997226569239,0.10301322177429945,0.0807466006197185,0.13575176437229045,0.15296153986455183,0.16040685314616707,0.14907696324312614,0.1867433571921733,0.12547619154915662,0.18321935533966885,0.21742806463475658,0.17746220837106236,0.11737242192288418,0.1526333489017998,0.13544829490973095,0.09860323157038353,0.07699610618881496,0.07614226085945892,0.05765880172992538,0.01626518363105018,0.0026083823903732817,0.0,0.0,0.0,0.0,0.0,0.0,0.0,0.0,0.0,0.0,0.0,0.0,0.0,0.0,0.0,0.0,0.0,0.0,0.0,0.0,0.0,0.0,0.0,0.0
0.0,0.0,0.0,0.0,0.0,0.0,0.0,0.0,0.0,0.0,0.0,0.0,0.0,0.0,0.0,0.0,0.0,0.0,0.0,0.0,0.0,0.0,0.0,0.0,0.0,0.0,0.0,0.0,0.0,0.0,0.0,0.0,0.0,0.0,0.012452441563149175,0.0,0.0516670458014123,0.040118647683965954,0.0559909883293067,0.06876996680772585,0.09623817748457725,0.12279054287995786,0.1377930460409062,0.1360274930826436,0.1724227223337834,0.19529988012463145,0.1278182161246883,0.16913176521536127,0.11972238716022386,0.1773779907234075,0.22031604586574288,0.2329773984560377,0.22125054197848634,0.21915429675132742,0.23180947369933197,0.20372280672822202,0.23571858002733434,0.18563457008376444,0.18922500467576805,0.14936190079341874,0.16955428885239987,0.19717946268626996,0.22385459625672324,0.1866782923394154,0.19638483060213469,0.1655510439464582,0.16742397984917345,0.15281288055644268,0.11393337655610591,0.09317034419259633,0.05352335233831185,0.05699983300824004,0.019497170422416745,0.0,0.0,0.0,0.0,0.0,0.0,0.0,0.0,0.0,0.0,0.0,0.0,0.0,0.0,0.0,0.0,0.0,0.0,0.0,0.0,0.0,0.0,0.0
0.0,0.0,0.0,0.0,0.0,0.0,0.0,0.0,0.0,0.0,0.0,0.0,0.0,0.0,0.0,0.0,0.0,0.0,0.0,0.0,0.0,0.0,0.0,0.0,0.0,0.0,0.0,0.0,0.0,0.0,0.0,0.0,0.0,0.0,0.0,0.0,0.0870568760016719,0.10838591822245511,0.1573124770214651,0.2385244537961366,0.2381834265516211,0.3585665979574539,0.38947692683635876,0.4549252421043707,0.37297072097890605,0.5370530826874533,0.537495332942856,0.5796886954740273,0.4779034862237103,0.5812431476985479,0.5751845023918281,0.547628372868564,0.45050853035782173,0.5029540734642236,0.5131121460425506,0.4687514394893301,0.4454660834228493,0.4227655423559783,0.37306872040873756,0.2892284233929262,0.2079834933772917,0.11295696415577995,0.07671551384801945,0.11941096231120685,0.025320115139434024,0.06499186488376771,0.11348032835613404,0.035933538906922045,0.06842476053896031,0.0,0.013730543180261758,0.00780301154835281,0.0,0.0,0.0,0.0,0.0,0.0,0.0,0.0,0.0,0.0,0.0,0.0,0.0,0.0,0.0,0.0,0.0,0.0,0.0,0.0,0.0,0.0,0.0,0.0
0.0,0.0,0.0,0.0,0.0,0.0,0.0,0.0,0.0,0.0,0.0,0.0,0.0,0.0,0.0,0.0,0.0,0.0,0.0,0.0,0.0,0.0,0.0,0.0,0.0,0.0,0.0,0.0,0.0,0.0,0.0,0.0,0.0,0.00609237604377879,0.010775708816067646,0.037613053512776204,0.06392159227015551,0.09431137906857777,0.10324498814262738,0.09497809015025392,0.10018611712565688,0.07885036363411305,0.08214399732057238,0.03685546092609551,0.07050119195475815,0.07142765332808942,0.06152833934089148,0.04060934988202831,0.06202495044850393,0.07184790173604207,0.07120748756029226,0.07994718731777485,0.08020596730715274,0.07589180489369199,0.07201210286071603,0.0760526867487561,0.07375852301052949,0.06120523588804991,0.07258797983658813,0.07237655032250373,0.07239440937382484,0.08396506148609939,0.09575632928293734,0.07964798462077488,0.08500748206761805,0.06108667544686354,0.039530207120403255,0.05397852572603569,0.04906143280015241,0.01892554281581169,0.028397865508698418,0.016261892984211566,0.001723740172977591,0.0011242775889665922,0.0,0.0,0.0,0.0,0.0,0.0,0.0,0.0,0.0,0.0,0.0,0.0,0.0,0.0,0.0,0.0,0.0,0.0,0.0,0.0,0.0,0.0
0.0,0.0,0.0,0.0,0.0,0.0,0.0,0.0,0.0,0.0,0.0,0.0,0.0,0.0,0.0,0.0,0.0,0.0,0.0,0.0,0.0,0.0,0.0,0.0,0.0,0.0,0.0,0.0,0.0,0.0,0.0,0.0,0.0,0.0,0.0,0.0,0.041750213826741996,0.04807718631274479,0.07261493098314774,0.02909735150053709,0.12244144326289033,0.13059666942192633,0.16914626974625874,0.20214910110546225,0.18969021063625763,0.24247246985883342,0.26396217412053913,0.21365201019974317,0.24743433687784827,0.3537367514240106,0.37155851647905297,0.4369541370898674,0.4144955326757591,0.523041913504512,0.51904621764144,0.570197232786551,0.549376349481784,0.5619444049285881,0.5309651272690026,0.4954543907116892,0.45639518984056915,0.47428105934016396,0.41823999548800184,0.377762440781967,0.22078085802460173,0.3151744561908827,0.2963453338168664,0.14868205491161096,0.1526847305562724,0.12296420929221229,0.08725714120729526,0.0,0.0,0.0,0.0,0.0,0.0,0.0,0.0,0.0,0.0,0.0,0.0,0.0,0.0,0.0,0.0,0.0,0.0,0.0,0.0,0.0,0.0,0.0,0.0,0.0
0.0,0.0,0.0,0.0,0.0,0.0,0.0,0.0,0.0,0.0,0.0,0.0,0.0,0.0,0.0,0.0,0.0,0.0,0.0,0.0,0.0,0.0,0.0,0.0,0.0,0.0,0.0,0.0,0.0,0.0,0.0,0.0,0.0,0.0,0.0,0.0,0.06557259230554532,0.03780445827477438,0.1745583411994056,0.25769911909798837,0.31257871387880837,0.34171331193733423,0.3344758946888651,0.3397209598754791,0.5032725767758987,0.43194979796470934,0.45678161744938695,0.5803142866856954,0.6227835589258632,0.6100256454952627,0.5745530673088775,0.6616811758125286,0.6310163709069814,0.6219466675178074,0.5822946114442447,0.6104717496438257,0.5938682445391036,0.4560639445999373,0.39526457549335414,0.42518010538496714,0.4392063489547445,0.4725532089070436,0.38549107448733166,0.374589438618128,0.3993481194508851,0.2439853953158434,0.20690978034922713,0.10228872588903408,0.04424368025675228,0.06183607779213555,0.015433493557101996,0.031348975795232444,0.0,0.0,0.0,0.0,0.0,0.0,0.0,0.0,0.0,0.0,0.0,0.0,0.0,0.0,0.0,0.0,0.0,0.0,0.0,0.0,0.0,0.0,0.0,0.0
0.0,0.0,0.0,0.0,0.0,0.0,0.0,0.0,0.0,0.0,0.0,0.0,0.0,0.0,0.0,0.0,0.0,0.0,0.0,0.0,0.0,0.0,0.0,0.0,0.0,0.0,0.0,0.0,0.0,0.0,0.0,0.0,0.0,0.0,0.0070238978885537335,0.0,0.02597617687538033,0.040033749423773454,0.0,0.011331126736293481,0.0,0.030283966347073005,0.073871270564078,0.08388763306993509,0.04744943645580858,0.02341029736499457,0.035135443810553765,0.031182501527932862,0.0060124516546590165,0.04237075090538406,0.055919417550121614,0.03944768653331846,0.13222286894840996,0.15538951473365048,0.3176373858308323,0.37835083110146217,0.4019930659174834,0.436092868023894,0.40623885499577034,0.38119107822095766,0.43387035820248954,0.48536842080855175,0.4479820406804095,0.3327024375115796,0.3104140851071263,0.23130193786936307,0.24143917731958672,0.20644030099824404,0.12547132452659676,0.0,0.030056938817334483,0.03401490768180743,0.0,0.0,0.0,0.0,0.0,0.0,0.0,0.0,0.0,0.0,0.0,0.0,0.0,0.0,0.0,0.0,0.0,0.0,0.0,0.0,0.0,0.0,0.0,0.0
0.0,0.0,0.0,0.0,0.0,0.0,0.0,0.0,0.0,0.0,0.0,0.0,0.0,0.0,0.0,0.0,0.0,0.0,0.0,0.0,0.0,0.0,0.0,0.0,0.0,0.0,0.0,0.0,0.0,0.0,0.0,0.0,0.0,0.0,0.0,0.0010156656585817644,0.0,0.00882633399632818,0.018738949209430325,0.0,0.010569772731545034,0.04180170708542905,0.022912737145402408,0.011060943679813084,0.0482266577911854,0.11867625153569886,0.13677375069930875,0.23822185533801093,0.3012796390624659,0.3316622186427951,0.313616418646125,0.4346904714148906,0.43098214870472257,0.29442584522414167,0.36368387069500197,0.4571191672735501,0.4756924028980753,0.49347405966273833,0.47969122364881556,0.4318846635871094,0.4668881409504942,0.4652723153456276,0.45106224739251816,0.36652009520283496,0.3055366434912908,0.268234050535101,0.23472214682917833,0.1639589394599335,0.10719484133478978,0.028211375675002856,0.027592890381613954,0.0,0.0,0.0,0.0,0.0,0.0,0.0,0.0,0.0,0.0,0.0,0.0,0.0,0.0,0.0,0.0,0.0,0.0,0.0,0.0,0.0,0.0,0.0,0.0,0.0
0.0,0.0,0.0,0.0,0.0,0.0,0.0,0.0,0.0,0.0,0.0,0.0,0.0,0.0,0.0,0.0,0.0,0.0,0.0,0.0,0.0,0.0,0.0,0.0,0.0,0.0,0.0,0.0,0.0,0.0,0.0,0.0,0.0,0.0,0.0,0.020501136949432064,0.009993896792933846,0.06030963263639315,0.07914022508673883,0.08280891805021388,0.11176682203671243,0.13643220506679102,0.09130278904141982,0.12431808541866378,0.14169976632254844,0.15131262583562238,0.19800476822568538,0.15737138400500322,0.21543530084703214,0.20900412422069958,0.206134764433727,0.2883740340433622,0.3092840097802139,0.3973274772609698,0.40853014765020557,0.35865254292213,0.3828563480981814,0.4210101734830413,0.4209623722105253,0.3588409291747603,0.38033750625431934,0.39784138908468736,0.3222559140340396,0.32330971799976743,0.26719703246379556,0.23349407710447817,0.16597869233816454,0.06992324502418508,0.10487439499097437,0.06291643235703978,0.014723866419633407,0.0,0.0,0.0,0.0,0.0,0.0,0.0,0.0,0.0,0.0,0.0,0.0,0.0,0.0,0.0,0.0,0.0,0.0,0.0,0.0,0.0,0.0,0.0,0.0,0.0
0.0,0.0,0.0,0.0,0.0,0.0,0.0,0.0,0.0,0.0,0.0,0.0,0.0,0.0,0.0,0.0,0.0,0.0,0.0,0.0,0.0,0.0,0.0,0.0,0.0,0.0,0.0,0.0,0.0,0.0,0.0,0.0,0.0,0.0,0.0,0.004472948008933719,0.05620043886442483,0.07122687959805031,0.0570979821758816,0.0783755249231032,0.05706292557247169,0.09015945002468628,0.1097800698812685,0.11256361768825489,0.10611479086455677,0.09894032729085404,0.06524975776362968,0.04847419085120114,0.1276214630998156,0.1513944354006848,0.1683138605499833,0.20757227663293998,0.18775940973968797,0.24575281295328133,0.1971847320490045,0.2199585464608386,0.251659440093802,0.20905161548328186,0.2125225726418798,0.19559849678250674,0.19556234004688802,0.20587673595622172,0.18194210340649247,0.11781045231394774,0.10474844354589195,0.06884845374440283,0.025171660422706764,0.0023343679265063894,0.0,0.0,0.0,0.0,0.0,0.0,0.0,0.0,0.0,0.0,0.0,0.0,0.0,0.0,0.0,0.0,0.0,0.0,0.0,0.0,0.0,0.0,0.0,0.0,0.0,0.0,0.0,0.0
0.0,0.0,0.0,0.0,0.0,0.0,0.0,0.0,0.0,0.0,0.0,0.0,0.0,0.0,0.0,0.0,0.0,0.0,0.0,0.0,0.0,0.0,0.0,0.0,0.0,0.0,0.0,0.0,0.0,0.0,0.0,0.0,0.0,0.0,0.0,0.0,0.0,0.009972009674515551,0.05529627573363448,0.091212523201428,0.029036244423266522,0.15482969122023407,0.20567275126992335,0.22825269896783096,0.24537269913177845,0.2926638729620323,0.32556439645729024,0.3078270129692674,0.31993720571185297,0.36405995484795417,0.2578660744432796,0.2609444640600317,0.30459278449906435,0.25719410053601377,0.3530080208540727,0.2900745331808788,0.30293566603271366,0.3086046326514308,0.3126220607177075,0.2880857514307985,0.33646506271919824,0.2609103572617849,0.2807027255906938,0.24609137715565835,0.20665742303517826,0.20601553422848917,0.1814828125021668,0.12795810763536597,0.0388325346548722,0.05861485795818824,0.0,0.0,0.0,0.0,0.0,0.0,0.0,0.0,0.0,0.0,0.0,0.0,0.0,0.0,0.0,0.0,0.0,0.0,0.0,0.0,0.0,0.0,0.0,0.0,0.0,0.0
0.0,0.0,0.0,0.0,0.0,0.0,0.0,0.0,0.0,0.0,0.0,0.0,0.0,0.0,0.0,0.0,0.0,0.0,0.0,0.0,0.0,0.0,0.0,0.0,0.0,0.0,0.0,0.0,0.0,0.0,0.0,0.0,0.0,0.0,0.0,0.0,0.03782291504178057,0.029893958503790008,0.08965466125426697,0.08124036996140298,0.13920152363660493,0.16561596212553886,0.14757230545567662,0.1466512784401743,0.17475056569736716,0.18210702011980281,0.16784990422757595,0.18776884369410002,0.21422814256843148,0.25170960394134756,0.3303290887687554,0.3654142873370499,0.36980292580945406,0.300001203678193,0.34469356787726524,0.3374286465978661,0.2950630243853085,0.2768738948696594,0.2527469736560286,0.24663351342220993,0.21843042096676324,0.23072065825809285,0.19167531511804628,0.20597157919961936,0.23761183585053502,0.19702727556307814,0.17513925877756475,0.15577669324468027,0.10365697996736577,0.05214345617465958,0.030852788871600423,0.0048516631489845495,0.0,0.0,0.0,0.0,0.0,0.0,0.0,0.0,0.0,0.0,0.0,0.0,0.0,0.0,0.0,0.0,0.0,0.0,0.0,0.0,0.0,0.0,0.0,0.0
0.0,0.0,0.0,0.0,0.0,0.0,0.0,0.0,0.0,0.0,0.0,0.0,0.0,0.0,0.0,0.0,0.0,0.0,0.0,0.0,0.0,0.0,0.0,0.0,0.0,0.0,0.0,0.0,0.0,0.0,0.0,0.0,0.0,0.0,0.0,0.0,0.04894111030822147,0.02171360327588477,0.11486832443480395,0.11436710964389019,0.21560839556647207,0.27827712971766383,0.2820426735764684,0.38503646043952844,0.40837131035005314,0.4567180850595815,0.5022156166014887,0.513798431175923,0.47325213408983935,0.5091188473621602,0.5195226550354352,0.49873234050199367,0.51352841417907,0.579173965376373,0.5404286061139069,0.515633300997397,0.5075630031703289,0.5217840037549096,0.472217146539213,0.4526903801024327,0.42304333309278874,0.33974977244592897,0.33215589586099126,0.22173910097308844,0.18077871249288413,0.12730959796325672,0.1534643945730488,0.10235580450400986,0.0,0.0,0.02217500014234805,0.0,0.0,0.0,0.0,0.0,0.0,0.0,0.0,0.0,0.0,0.0,0.0,0.0,0.0,0.0,0.0,0.0,0.0,0.0,0.0,0.0,0.0,0.0,0.0,0.0
0.0,0.0,0.0,0.0,0.0,0.0,0.0,0.0,0.0,0.0,0.0,0.0,0.0,0.0,0.0,0.0,0.0,0.0,0.0,0.0,0.0,0.0,0.0,0.0,0.0,0.0,0.0,0.0,0.0,0.0,0.0,0.0,0.0,0.0,0.0,0.0,0.009696907464613727,0.0,0.11322111000438623,0.16467306686686117,0.20437453284338936,0.2836563807449287,0.3274053497248854,0.29388101440819475,0.32545935838105794,0.4047204837406578,0.416040713613571,0.44263319822299646,0.435616843886034,0.40552819946550794,0.4030449797555842,0.3722855873971704,0.24174870384071256,0.3062422609514392,0.2421810247325335,0.28289186095455615,0.29654282241399427,0.30295161799756926,0.3060274484439255,0.28732202108629773,0.1792583333531408,0.16576678931662067,0.09997773271169791,0.1112768938285211,0.009051285407584111,0.04889337323748031,0.0,0.059516664219232296,0.0,0.07982689809096294,0.0,0.0,0.0,0.0,0.0,0.0,0.0,0.0,0.0,0.0,0.0,0.0,0.0,0.0,0.0,0.0,0.0,0.0,0.0,0.0,0.0,0.0,0.0,0.0,0.0,0.0
0.0,0.0,0.0,0.0,0.0,0.0,0.0,0.0,0.0,0.0,0.0,0.0,0.0,0.0,0.0,0.0,0.0,0.0,0.0,0.0,0.0,0.0,0.0,0.0,0.0,0.0,0.0,0.0,0.0,0.0,0.0,0.0,0.0,0.0,0.0,0.0,0.0,0.04813582569210473,0.10161307074137865,0.1512235041796963,0.19492520924049267,0.20374309372656504,0.2097138404321029,0.2386749887106308,0.2517916876344388,0.29508922997793546,0.2940154293430912,0.3795675221169258,0.39925305846975695,0.4227586262873931,0.4333888943600812,0.46647473839384523,0.4220119575409956,0.35080301590548896,0.34787284633959054,0.33956563404856743,0.34761495872761955,0.3070334171567669,0.2509001796971769,0.22207792760506218,0.19563051994254466,0.2125880478633438,0.19157749688480163,0.15015524731846253,0.19221658514511775,0.15540351001665403,0.11243808827457678,0.05594972476398935,0.05189627980926255,0.0,0.02328089731388338,0.010070077385146183,0.0,0.0,0.0,0.0,0.0,0.0,0.0,0.0,0.0,0.0,0.0,0.0,0.0,0.0,0.0,0.0,0.0,0.0,0.0,0.0,0.0,0.0,0.0,0.0
0.0,0.0,0.0,0.0,0.0,0.0,0.0,0.0,0.0,0.0,0.0,0.0,0.0,0.0,0.0,0.0,0.0,0.0,0.0,0.0,0.0,0.0,0.0,0.0,0.0,0.0,0.0,0.0,0.0,0.0,0.0,0.0,0.0,0.0,0.0,0.0,0.022806147886236763,0.006291789814432472,0.005500055305019902,0.05766476017173236,0.10495746645505653,0.1550668359963554,0.17734701710683226,0.13469175587896215,0.20009119763928077,0.21456264481592197,0.2676910637400446,0.21495936587759296,0.35487869090594343,0.41912041849593634,0.4351166354656184,0.463618358614564,0.46840566699912534,0.5117518972661822,0.4666081169668734,0.35948278514031407,0.37961605854488145,0.3642491506191794,0.22913779294642642,0.2092626284139519,0.15495270122523602,0.14389708158902367,0.19182453287573376,0.17783648198494925,0.13868124285488698,0.06434306053941971,0.0662008955659402,0.04895983352182337,0.053781260326526165,0.0,0.0,0.0,0.0,0.0,0.0,0.0,0.0,0.0,0.0,0.0,0.0,0.0,0.0,0.0,0.0,0.0,0.0,0.0,0.0,0.0,0.0,0.0,0.0,0.0,0.0,0.0
0.0,0.0,0.0,0.0,0.0,0.0,0.0,0.0,0.0,0.0,0.0,0.0,0.0,0.0,0.0,0.0,0.0,0.0,0.0,0.0,0.0,0.0,0.0,0.0,0.0,0.0,0.0,0.0,0.0,0.0,0.0,0.0,0.036479647057441555,0.006096683251966939,0.031291985377661716,0.07188698151391076,0.15343104356350593,0.14368329082514103,0.22020619320727747,0.22871920232901385,0.30471533438787374,0.3284882734569653,0.35396503911708144,0.39896616212760233,0.42829947197203455,0.42866780689610007,0.42252435046964554,0.48639573348181836,0.4459714481411201,0.3947002484102865,0.3905012950125587,0.346613527502972,0.30819968246227714,0.3014523992481203,0.27619066234077017,0.2796052995126427,0.26756885022265775,0.19609300192443718,0.20851674060140873,0.23866656219342988,0.17868833340379864,0.19773192338749204,0.11856042248079575,0.10757866072880344,0.06722386078864438,0.0,0.0,0.0,0.0,0.0,0.0,0.0,0.0,0.0,0.0,0.0,0.0,0.0,0.0,0.0,0.0,0.0,0.0,0.0,0.0,0.0,0.0,0.0,0.0,0.0,0.0,0.0,0.0,0.0,0.0,0.0
0.0,0.0,0.0,0.0,0.0,0.0,0.0,0.0,0.0,0.0,0.0,0.0,0.0,0.0,0.0,0.0,0.0,0.0,0.0,0.0,0.0,0.0,0.0,0.0,0.0,0.0,0.0,0.0,0.0,0.0,0.0,0.0,0.0,0.019290046670762232,0.028008206421787623,0.02000829899055926,0.05633276105122047,0.07167283580935532,0.1339170333308467,0.1690194553202681,0.16390169892244277,0.13714456675373987,0.183458405686569,0.18491037740026897,0.1700593840339925,0.14718572527568188,0.15228535697725476,0.21271491879173038,0.21164847011162663,0.2513944550772548,0.2886719451459492,0.3052782216750394,0.2812581461785623,0.3120654283854834,0.26272379016748804,0.29209201457326905,0.2939449974755926,0.24744932829567043,0.2783746793665832,0.27422186343804594,0.22135249059049783,0.21332775287270558,0.15715440938578434,0.07143783812681487,0.059704104504545705,0.037526521183158315,0.0,0.0,0.0,0.0,0.0,0.0,0.0,0.0,0.0,0.0,0.0,0.0,0.0,0.0,0.0,0.0,0.0,0.0,0.0,0.0,0.0,0.0,0.0,0.0,0.0,0.0,0.0,0.0,0.0,0.0
0.0,0.0,0.0,0.0,0.0,0.0,0.0,0.0,0.0,0.0,0.0,0.0,0.0,0.0,0.0,0.0,0.0,0.0,0.0,0.0,0.0,0.0,0.0,0.0,0.0,0.0,0.0,0.0,0.0,0.0,0.0,0.0,0.014573526089930587,0.018960067943580815,0.04291644972638045,0.10509124287456457,0.11960551908726534,0.2399176203320082,0.1578373623143867,0.33108443339164734,0.3670271257581442,0.4456780192876355,0.4269172602436864,0.5195129024693801,0.49346947710678557,0.5782310905750081,0.5004458939506503,0.5684482051606843,0.5735552890914944,0.5147958800498253,0.536996442539581,0.5667133601792869,0.5723253673232174,0.5049786729918029,0.48831566329327947,0.5123936373810758,0.44993690144945586,0.38327448973206435,0.24387229554381407,0.33119513631601444,0.27331153850199413,0.228008271340072,0.09258233540475574,0.11606607373836877,0.08786003385165199,0.0,0.0,0.0,0.0,0.0,0.0,0.0,0.0,0.0,0.0,0.0,0.0,0.0,0.0,0.0,0.0,0.0,0.0,0.0,0.0,0.0,0.0,0.0,0.0,0.0,0.0,0.0,0.0,0.0,0.0,0.0
0.0,0.0,0.0,0.0,0.0,0.0,0.0,0.0,0.0,0.0,0.0,0.0,0.0,0.0,0.0,0.0,0.0,0.0,0.0,0.0,0.0,0.0,0.0,0.0,0.0,0.0,0.0,0.0,0.0,0.0,0.0,0.0,0.01129271992956939,0.029998913345545733,0.08551924266954777,0.12857695313100204,0.10789937888772996,0.13830785928770617,0.28993013980752663,0.2847374188602121,0.39391506881858446,0.432828345199816,0.461043147270103,0.5197692680885805,0.5231838405870153,0.5015342367028783,0.4893849613809159,0.47207574140256137,0.5030687442703068,0.47380179239771564,0.4201488794796234,0.44462216565698875,0.41903398122304947,0.36895651962884163,0.3861658228108649,0.3576809954013033,0.32453308294551886,0.2622154887993324,0.23476390833242855,0.24599544970723736,0.1994984518502304,0.14199991879791685,0.12582540984003315,0.0,0.0,0.0,0.003797796643279519,0.0,0.0,0.0,0.0,0.0,0.0,0.0,0.0,0.0,0.0,0.0,0.0,0.0,0.0,0.0,0.0,0.0,0.0,0.0,0.0,0.0,0.0,0.0,0.0,0.0,0.0,0.0,0.0,0.0
0.0,0.0,0.0,0.0,0.0,0.0,0.0,0.0,0.0,0.0,0.0,0.0,0.0,0.0,0.0,0.0,0.0,0.0,0.0,0.0,0.0,0.0,0.0,0.0,0.0,0.0,0.0,0.0,0.0,0.0,0.0,0.0,0.0,0.0011132329436872555,0.016182808953236982,0.025405974821622383,0.043168247306146,0.05480096269321136,0.07920851535479215,0.0718261857530431,0.05990646614844415,0.07789153214780367,0.07553330311714392,0.08264949465505285,0.1048134934312059,0.11085150089519816,0.1599151104908238,0.17910068909483512,0.16404539341025826,0.14084582245854782,0.1432704447959388,0.13697914883435683,0.15437600909196297,0.14692868074955548,0.09790276968958597,0.07012884239550644,0.051478808354823706,0.005416829633273553,0.0068076379088015705,0.012050523884488783,0.008927679404996693,0.010954979936455281,0.0,0.002660600892487496,0.0035896169846690385,0.0015842801924813993,0.0,0.0,0.0,0.0,0.0,0.0,0.0,0.0,0.0,0.0,0.0,0.0,0.0,0.0,0.0,0.0,0.0,0.0,0.0,0.0,0.0,0.0,0.0,0.0,0.0,0.0,0.0,0.0,0.0,0.0
0.0,0.0,0.0,0.0,0.0,0.0,0.0,0.0,0.0,0.0,0.0,0.0,0.0,0.0,0.0,0.0,0.0,0.0,0.0,0.0,0.0,0.0,0.0,0.0,0.0,0.0,0.0,0.0,0.0,0.0,0.0,0.0,0.0,0.005268322376603806,0.0,0.053259864315783695,0.043176307952340134,0.032039882702164006,0.07278526484885554,0.06768194742060774,0.09830212890408602,0.10448251325380722,0.1233147341209466,0.18562402720152754,0.2082779536436943,0.2852243282424965,0.2796168486845028,0.2515248226105111,0.2772210336214179,0.22060620948598486,0.23988865655972813,0.21336720867650483,0.18548055479659598,0.2219919065971859,0.20219773992749632,0.16137414371276282,0.14453916500194994,0.14565773817690153,0.1375718873784091,0.09294339205671244,0.09997763232454826,0.08502953614936645,0.05199370820799777,0.0683587614953352,0.035761954169687325,0.00032575936818858564,0.0,0.0,0.0,0.0,0.0,0.0,0.0,0.0,0.0,0.0,0.0,0.0,0.0,0.0,0.0,0.0,0.0,0.0,0.0,0.0,0.0,0.0,0.0,0.0,0.0,0.0,0.0,0.0,0.0,0.0
0.0,0.0,0.0,0.0,0.0,0.0,0.0,0.0,0.0,0.0,0.0,0.0,0.0,0.0,0.0,0.0,0.0,0.0,0.0,0.0,0.0,0.0,0.0,0.0,0.0,0.0,0.0,0.0,0.0,0.0,0.0,0.0,0.00657767457233548,0.0,0.07087868343481302,0.08990694028383683,0.1708282460057456,0.21620530685196174,0.2743601854977445,0.2600322882074988,0.3108483050729622,0.33605919448180654,0.3065733454765788,0.2917887007075864,0.26597469750673425,0.267106048182097,0.27898381251122845,0.2402412146110915,0.3365578503295008,0.395190035507595,0.4073878976431568,0.39508827249816053,0.27835840740569445,0.2635601999499556,0.2321545893864913,0.18415289155790107,0.12366798532511558,0.17429913816782888,0.19023270398666708,0.13783389287138517,0.0913043005392884,0.10828843238838656,0.05608822992341116,0.06045904328431608,0.0007738194543392557,0.0,0.0,0.0,0.0,0.0,0.0,0.0,0.0,0.0,0.0,0.0,0.0,0.0,0.0,0.0,0.0,0.0,0.0,0.0,0.0,0.0,0.0,0.0,0.0,0.0,0.0,0.0,0.0,0.0,0.0,0.0
0.0,0.0,0.0,0.0,0.0,0.0,0.0,0.0,0.0,0.0,0.0,0.0,0.0,0.0,0.0,0.0,0.0,0.0,0.0,0.0,0.0,0.0,0.0,0.0,0.0,0.0,0.0,0.0,0.0,0.0,0.0,0.0,0.018307618071792417,0.0,0.04067125119449106,0.053564686670512715,0.11153750725239614,0.1162601261277018,0.14116180250585988,0.1330840760477125,0.16271140031992154,0.19804655221846992,0.17889836727403452,0.14716959708514393,0.18650275255063894,0.14643212683812792,0.18612670554120092,0.21325929052231019,0.2251811400700878,0.18298570637843153,0.17789398543040494,0.12610627388531112,0.051625262862342244,0.0855322271372563,0.06410000826424195,0.053529866499028605,0.002487959153431772,0.03312456349768523,0.012927831767903027,0.0,0.013208008496624339,0.010875480877702497,0.0,0.0,0.0,0.0,0.0,0.0,0.0,0.0,0.0,0.0,0.0,0.0,0.0,0.0,0.0,0.0,0.0,0.0,0.0,0.0,0.0,0.0,0.0,0.0,0.0,0.0,0.0,0.0,0.0,0.0,0.0,0.0,0.0,0.0
0.0,0.0,0.0,0.0,0.0,0.0,0.0,0.0,0.0,0.0,0.0,0.0,0.0,0.0,0.0,0.0,0.0,0.0,0.0,0.0,0.0,0.0,0.0,0.0,0.0,0.0,0.0,0.0,0.0,0.0,0.0,0.00044695,0.0079625,0.01632,0.018256,0.026336,0.035099,0.040259,0.044487,0.055645,0.073805,0.10187,0.14431,0.18493,0.18894,0.19179,0.18822,0.21102,0.21042,0.23979,0.21339,0.19695,0.18999,0.13778,0.11171,0.1227,0.1457,0.14529,0.13324,0.1249,0.11262,0.089442,0.059241,0.039064,0.029925,0.025406,0.012551,0.0017415,8.0531e-06,2.0133e-06,0.0,0.0,0.0,0.0,0.0,0.0,0.0,0.0,0.0,0.0,0.0,0.0,0.0,0.0,0.0,0.0,0.0,0.0,0.0,0.0,0.0,0.0,0.0,0.0,0.0,0.0
0.0,0.0,0.0,0.0,0.0,0.0,0.0,0.0,0.0,0.0,0.0,0.0,0.0,0.0,0.0,0.0,0.0,0.0,0.0,0.0,0.0,0.0,0.0,0.0,0.0,0.0,0.0,0.0,0.0,0.0,0.0,0.0,0.024663184098168672,0.004467002567142012,0.06903025575963004,0.05550876091395145,0.09297086915331237,0.09805199089579546,0.11348071820241201,0.125737014423091,0.18955196514943645,0.2428814624469474,0.20815004983130583,0.2069140540559018,0.19405366458466486,0.19454005601949623,0.15916082647368274,0.17756347774225995,0.2238710344179111,0.23184568397872385,0.2121770924101971,0.16582322188408696,0.14882216927175904,0.14446695715143287,0.1548334233976569,0.1470958559028407,0.16392753636279786,0.17384643539248437,0.1713217202028445,0.14687211449439802,0.09633465830020244,0.09590093868507055,0.07017181726161466,0.02976057210231959,0.04358337112184227,0.02004005000544324,0.00981414129612181,0.0,0.0,0.0,0.0,0.0,0.0,0.0,0.0,0.0,0.0,0.0,0.0,0.0,0.0,0.0,0.0,0.0,0.0,0.0,0.0,0.0,0.0,0.0,0.0,0.0,0.0,0.0,0.0,0.0
0.0,0.0,0.0,0.0,0.0,0.0,0.0,0.0,0.0,0.0,0.0,0.0,0.0,0.0,0.0,0.0,0.0,0.0,0.0,0.0,0.0,0.0,0.0,0.0,0.0,0.0,0.0,0.0,0.0,0.0,0.0,0.0,0.0,0.019285368566376134,0.0,0.0883982281693728,0.11354680896024873,0.15738940378809835,0.22687753220308698,0.24048116668318906,0.22708028160458704,0.3327316813392042,0.3253847866721419,0.3622472260990953,0.38195595651276226,0.40606144241349595,0.3680988903995414,0.2912485820138285,0.32386953692852827,0.17259995624197885,0.22799544971383315,0.22947111803202594,0.13719159541993653,0.12869792254936574,0.10848882028250252,0.14313516742744323,0.18663110557958637,0.17942604696612646,0.21052480841337776,0.20316160932369776,0.08500215764671477,0.0860837592775495,0.05659743554801166,0.0358488889053845,0.005898747927681781,0.016021309828539526,0.004102732474637216,0.0,0.0,0.0,0.0,0.0,0.0,0.0,0.0,0.0,0.0,0.0,0.0,0.0,0.0,0.0,0.0,0.0,0.0,0.0,0.0,0.0,0.0,0.0,0.0,0.0,0.0,0.0,0.0,0.0
0.0,0.0,0.0,0.0,0.0,0.0,0.0,0.0,0.0,0.0,0.0,0.0,0.0,0.0,0.0,0.0,0.0,0.0,0.0,0.0,0.0,0.0,0.0,0.0,0.0,0.0,0.0,0.0,0.0,0.0,0.0,0.0,0.0,0.023530509380626844,0.0,0.0523447602678448,0.11385311219980265,0.16623491505555257,0.18231121494749591,0.26376809654405503,0.3085813103352176,0.3655478948346033,0.3763149659465063,0.4207967984310279,0.45691070161215097,0.5174703557418995,0.4732131574892322,0.5265817931146406,0.47747942777585056,0.4722301949371709,0.4377582262531681,0.4545519720846949,0.41293424863294026,0.4075996089100096,0.3439496790957032,0.2955150764839006,0.24577586064973,0.2637156277672536,0.18017400186016697,0.20646371379340692,0.13491024413479002,0.1234306273604758,0.029386602000168696,0.00734189741293996,0.000676436721730192,0.0311549143513962,0.0,0.0,0.0,0.0,0.0,0.0,0.0,0.0,0.0,0.0,0.0,0.0,0.0,0.0,0.0,0.0,0.0,0.0,0.0,0.0,0.0,0.0,0.0,0.0,0.0,0.0,0.0,0.0,0.0,0.0
0.0,0.0,0.0,0.0,0.0,0.0,0.0,0.0,0.0,0.0,0.0,0.0,0.0,0.0,0.0,0.0,0.0,0.0,0.0,0.0,0.0,0.0,0.0,0.0,0.0,0.0,0.0,0.0,0.0,0.0,0.0,0.0,0.004681529433762617,0.0,0.0,0.04092293512577833,0.03945296585841726,0.11506832985029579,0.1725421992238403,0.14354543146072324,0.27157615031868265,0.31584136155087406,0.34511373184679417,0.37976167584591247,0.41213757629025916,0.43590993684619683,0.45791015090665804,0.4054634463987077,0.4643061768428842,0.43085368021730475,0.36656349400267074,0.3284877404037564,0.3188231292536494,0.28077229364330736,0.27818686480728655,0.2883947108632948,0.2647661810633571,0.24310562477181766,0.14091471608264386,0.17084783755150132,0.09767489720019848,0.048006529426979444,0.07935637422969487,0.0602302423964631,0.0,0.021465730964919962,0.0,0.0,0.0,0.0,0.0,0.0,0.0,0.0,0.0,0.0,0.0,0.0,0.0,0.0,0.0,0.0,0.0,0.0,0.0,0.0,0.0,0.0,0.0,0.0,0.0,0.0,0.0,0.0,0.0,0.0
0.0,0.0,0.0,0.0,0.0,0.0,0.0,0.0,0.0,0.0,0.0,0.0,0.0,0.0,0.0,0.0,0.0,0.0,0.0,0.0,0.0,0.0,0.0,0.0,0.0,0.0,0.0,0.0,0.0,0.0,0.0,0.0,0.0,0.0,0.04566877755882983,0.0,0.0535486518421073,0.15202311060079238,0.1267857681902101,0.21055008703727346,0.2734830491577886,0.2002323697631235,0.2555540261539384,0.33982451132360364,0.4197758458134937,0.4564644466033323,0.4341480061403047,0.4854503583680738,0.48515682984712794,0.5057835179871546,0.4958051308219626,0.42289828842828076,0.4759602986784342,0.46190253582238777,0.4477416973082209,0.3854547604333777,0.37550535161483717,0.31762133335093246,0.25026334203438044,0.21302337814117503,0.13972013256289847,0.0987839141214356,0.027649572613531875,0.0,0.01306198141106112,0.0175331709152034,0.0,0.0,0.0,0.0,0.0,0.0,0.0,0.0,0.0,0.0,0.0,0.0,0.0,0.0,0.0,0.0,0.0,0.0,0.0,0.0,0.0,0.0,0.0,0.0,0.0,0.0,0.0,0.0,0.0,0.0
0.0,0.0,0.0,0.0,0.0,0.0,0.0,0.0,0.0,0.0,0.0,0.0,0.0,0.0,0.0,0.0,0.0,0.0,0.0,0.0,0.0,0.0,0.0,0.0,0.0,0.0,0.0,0.0,0.0,0.0,0.0,0.0,0.0,0.032274134626781546,0.05637529138677468,0.06764297241568966,0.06486886145754252,0.1537655092586006,0.19727261580396488,0.16885343693703836,0.30719365092736667,0.35138462034881174,0.3872211840314859,0.3024753460050955,0.4491092600745872,0.41257910115234,0.46524258776607463,0.4858000518911837,0.5006321143495331,0.5212931917483925,0.5168650251965754,0.5166122205410775,0.4170095947788505,0.4154040896588726,0.3389336261844538,0.3952580963741384,0.38721290525810076,0.300272128823179,0.28325649570499617,0.23777853290082088,0.1819327527342329,0.11729422844029719,0.08880418582356883,0.04204988519046373,0.0,0.021560185899552164,0.0,0.0,0.0,0.0,0.0,0.0,0.0,0.0,0.0,0.0,0.0,0.0,0.0,0.0,0.0,0.0,0.0,0.0,0.0,0.0,0.0,0.0,0.0,0.0,0.0,0.0,0.0,0.0,0.0,0.0
0.0,0.0,0.0,0.0,0.0,0.0,0.0,0.0,0.0,0.0,0.0,0.0,0.0,0.0,0.0,0.0,0.0,0.0,0.0,0.0,0.0,0.0,0.0,0.0,0.0,0.0,0.0,0.0,0.0,0.0,0.0,0.0,0.0,0.0,0.0,0.03689962906170939,0.002493776144730675,0.11667351942233282,0.12355053223493381,0.20880938758743658,0.2542808220590709,0.30797029374893453,0.2651278566723518,0.3932192393630026,0.41985660651097223,0.4250332095361201,0.4170945904174614,0.44179577050768026,0.41265849543256483,0.44830619169199415,0.4199632244928422,0.3808267041106403,0.26251367426520933,0.24281805387253164,0.1794190581892851,0.2561221745685535,0.27060077012748124,0.23135433484584442,0.1892945741552841,0.15561163984707527,0.07532325787371408,0.06772437103633605,0.003988696367118183,0.00968462819965911,0.0033441081434712056,0.0,0.0,0.0,0.0,0.0,0.0,0.0,0.0,0.0,0.0,0.0,0.0,0.0,0.0,0.0,0.0,0.0,0.0,0.0,0.0,0.0,0.0,0.0,0.0,0.0,0.0,0.0,0.0,0.0,0.0,0.0
0.0,0.0,0.0,0.0,0.0,0.0,0.0,0.0,0.0,0.0,0.0,0.0,0.0,0.0,0.0,0.0,0.0,0.0,0.0,0.0,0.0,0.0,0.0,0.0,0.0,0.0,0.0,0.0,0.0,0.0,0.0,0.0,0.0,0.0,0.023393705203871247,0.0,0.04789224722108425,0.08020003644520571,0.11533060372605022,0.19370324955648924,0.2201021141258247,0.27128256193135786,0.2729692184149036,0.3799415011219548,0.3826382024673853,0.37163522648329267,0.34589277473950863,0.29516220550956823,0.2109775960059237,0.2662480323742502,0.2650976102861491,0.24772401524176593,0.20765115953879884,0.16353187228769825,0.08909801770493987,0.1077767772881938,0.07451225978099399,0.09760367263543371,0.049292941941494264,0.062336000585129246,0.04126526279566542,0.01281739914785486,0.0,0.0,0.0,0.0,0.0,0.0,0.0,0.0,0.0,0.0,0.0,0.0,0.0,0.0,0.0,0.0,0.0,0.0,0.0,0.0,0.0,0.0,0.0,0.0,0.0,0.0,0.0,0.0,0.0,0.0,0.0,0.0,0.0,0.0
0.0,0.0,0.0,0.0,0.0,0.0,0.0,0.0,0.0,0.0,0.0,0.0,0.0,0.0,0.0,0.0,0.0,0.0,0.0,0.0,0.0,0.0,0.0,0.0,0.0,0.0,0.0,0.0,0.0,0.0,0.0,0.0,0.0,0.009845762897809012,0.0,0.024249846423277724,0.09575888693493698,0.10021867716581609,0.13627224077318142,0.20700526971030947,0.2736905649182094,0.2679885953115025,0.30702700625578827,0.299975770059825,0.21720017422064108,0.21271075774078338,0.22151982551469088,0.17640075859093682,0.24208252357628707,0.3153869393176749,0.2742360409191996,0.2536325704027821,0.25866031107678766,0.25751443694262244,0.25539839130826164,0.1401090070723271,0.1654402356303831,0.06774631560796911,0.10686490802476012,0.10782696066318036,0.06659604518221099,0.06440752091441632,0.006442933655836154,0.011394445479296824,0.004890685212711292,0.005089062223465655,0.0,0.0,0.0,0.0,0.0,0.0,0.0,0.0,0.0,0.0,0.0,0.0,0.0,0.0,0.0,0.0,0.0,0.0,0.0,0.0,0.0,0.0,0.0,0.0,0.0,0.0,0.0,0.0,0.0,0.0
0.0,0.0,0.0,0.0,0.0,0.0,0.0,0.0,0.0,0.0,0.0,0.0,0.0,0.0,0.0,0.0,0.0,0.0,0.0,0.0,0.0,0.0,0.0,0.0,0.0,0.0,0.0,0.0,0.0,0.0,0.0,0.0,0.0,0.0,0.0,0.01319348660847049,0.021695585322808582,0.030994125250161323,0.03284911137998012,0.06954919232345655,0.08941487181329873,0.11727559735163334,0.12323294700787658,0.13914274336419635,0.133228930991874,0.12313729559327084,0.12230825494444042,0.12823447332817212,0.1214580546742934,0.13285136182639556,0.1550785007925241,0.1658543723631437,0.13698273838736016,0.15191950159562137,0.17562762410109156,0.1368349489735545,0.13588543529626512,0.12149514965482526,0.14083439840176926,0.07381101567870696,0.08831072959203659,0.07851191552910788,0.08332161168340561,0.06808518762720028,0.0416974545430156,0.0069158686394551125,0.0,0.0,0.0,0.0,0.0,0.0,0.0,0.0,0.0,0.0,0.0,0.0,0.0,0.0,0.0,0.0,0.0,0.0,0.0,0.0,0.0,0.0,0.0,0.0,0.0,0.0,0.0,0.0,0.0,0.0
0.0,0.0,0.0,0.0,0.0,0.0,0.0,0.0,0.0,0.0,0.0,0.0,0.0,0.0,0.0,0.0,0.0,0.0,0.0,0.0,0.0,0.0,0.0,0.0,0.0,0.0,0.0,0.0,0.0,0.0,0.0,0.0,0.0,0.002479273215423315,0.021242539845625748,0.053289632536445114,0.08809113571584241,0.10244895186153216,0.10554836683595639,0.1807961293410984,0.177537619118389,0.1534040042825024,0.18136845473268834,0.17166587104214567,0.15934447871715685,0.1340585072209829,0.1376374261372583,0.15397156190221425,0.1650837983509946,0.13359708987980157,0.14240919538299587,0.14775266174754925,0.15842944045430035,0.14438860697205458,0.12796362909817757,0.07383134712174885,0.08066686295024478,0.07354573328878355,0.06252725128877608,0.04395624345356723,0.03646965332038665,0.010220840440125629,0.0,0.0,0.0,0.0,0.0,0.0,0.0,0.0,0.0,0.0,0.0,0.0,0.0,0.0,0.0,0.0,0.0,0.0,0.0,0.0,0.0,0.0,0.0,0.0,0.0,0.0,0.0,0.0,0.0,0.0,0.0,0.0,0.0,0.0
0.0,0.0,0.0,0.0,0.0,0.0,0.0,0.0,0.0,0.0,0.0,0.0,0.0,0.0,0.0,0.0,0.0,0.0,0.0,0.0,0.0,0.0,0.0,0.0,0.0,0.0,0.0,0.0,0.0,0.0,0.0,0.0,0.0,0.0,0.0,0.0,0.0036351384270718835,0.011164941788815462,0.005574081244192069,0.019088859914396596,0.024566940666006724,0.021319037939717483,0.03326164821897938,0.034633330191900374,0.03922808036474518,0.04576748826325843,0.04450616819944931,0.04433676273463035,0.04343909418105061,0.03894206801858225,0.03621868820473431,0.03401980466671597,0.037222548681923116,0.04170289426009012,0.04338971962962987,0.04834489811628919,0.040195822695085606,0.027555545232882124,0.02505219615819828,0.023117413916669546,0.00874162198201807,0.009632238526241177,0.0,0.0035929659999119684,0.001088852877705334,0.0,0.0,0.0,0.0,0.0,0.0,0.0,0.0,0.0,0.0,0.0,0.0,0.0,0.0,0.0,0.0,0.0,0.0,0.0,0.0,0.0,0.0,0.0,0.0,0.0,0.0,0.0,0.0,0.0,0.0,0.0
0.0,0.0,0.0,0.0,0.0,0.0,0.0,0.0,0.0,0.0,0.0,0.0,0.0,0.0,0.0,0.0,0.0,0.0,0.0,0.0,0.0,0.0,0.0,0.0,0.0,0.0,0.0,0.0,0.0,0.0,0.0,0.0,0.0,0.0,0.0007004200083617282,0.01037855902860316,0.027169995830248303,0.0292758984762381,0.040458769695666696,0.045547397091703926,0.05894712911638267,0.06403584933693938,0.07135273493585281,0.07464144110012079,0.07731234002031208,0.08689150012832585,0.07407892179868693,0.08913979335946515,0.08988531085143288,0.09488649072337432,0.09086062148548674,0.11781910823166807,0.1174305621594737,0.10457360079100977,0.10088311644436068,0.0864881705299061,0.06285188092527927,0.02692900548117637,0.020317174029771817,0.002676691500683396,0.01067775804193484,0.006509790796559951,0.008691712130367395,0.0018727376140510454,0.0,0.0,0.0,0.0,0.0,0.0,0.0,0.0,0.0,0.0,0.0,0.0,0.0,0.0,0.0,0.0,0.0,0.0,0.0,0.0,0.0,0.0,0.0,0.0,0.0,0.0,0.0,0.0,0.0,0.0,0.0,0.0
0.0,0.0,0.0,0.0,0.0,0.0,0.0,0.0,0.0,0.0,0.0,0.0,0.0,0.0,0.0,0.0,0.0,0.0,0.0,0.0,0.0,0.0,0.0,0.0,0.0,0.0,0.0,0.0,0.0,0.0,0.0,0.0,0.0,0.0055285,0.01997,0.044151,0.077801,0.11428,0.15352,0.18105,0.21648,0.25004,0.25351,0.29055,0.31402,0.33138,0.31312,0.28772,0.25037,0.21074,0.16487,0.16327,0.14866,0.14461,0.14264,0.13644,0.1259,0.1075,0.096623,0.075476,0.048737,0.03244,0.020419,0.010844,0.0045097,0.0011717,8.2544e-05,0.0,0.0,0.0,0.0,0.0,0.0,0.0,0.0,0.0,0.0,0.0,0.0,0.0,0.0,0.0,0.0,0.0,0.0,0.0,0.0,0.0,0.0,0.0,0.0,0.0,0.0,0.0,0.0,0.0
0.0,0.0,0.0,0.0,0.0,0.0,0.0,0.0,0.0,0.0,0.0,0.0,0.0,0.0,0.0,0.0,0.0,0.0,0.0,0.0,0.0,0.0,0.0,0.0,0.0,0.0,0.0,0.0,0.0,0.0,0.0,0.0,0.0,0.0,0.004863045667346227,0.017347898761809796,0.010274301421674004,0.026736374534437536,0.01898807809361692,0.03453966416418438,0.047778624497456186,0.0738638944737818,0.09551036316318044,0.10956731284996449,0.14910923387096792,0.14066357453359207,0.0998842895314633,0.1073943327474108,0.08378463271836595,0.10915935979878014,0.1408193308882154,0.15171003841712316,0.12160904991001781,0.11463588103848732,0.08333659640637307,0.07750986089398058,0.05590197079513382,0.05744574248020249,0.042441932762308565,0.016999952061741163,0.015424800550910386,0.006230768161750564,0.0015800890386290303,0.0,0.005071712419509566,0.0,0.0,0.0,0.0,0.0,0.0,0.0,0.0,0.0,0.0,0.0,0.0,0.0,0.0,0.0,0.0,0.0,0.0,0.0,0.0,0.0,0.0,0.0,0.0,0.0,0.0,0.0,0.0,0.0,0.0,0.0
0.0,0.0,0.0,0.0,0.0,0.0,0.0,0.0,0.0,0.0,0.0,0.0,0.0,0.0,0.0,0.0,0.0,0.0,0.0,0.0,0.0,0.0,0.0,0.0,0.0,0.0,0.0,0.0,0.0,0.0,0.0,0.0,0.0,0.006469995812382789,0.010480324762238513,0.04565601291821823,0.06795272748391619,0.05172539363625578,0.09177611753596472,0.12918878502319964,0.18520494910635105,0.24587596721203808,0.26374406262577527,0.24520372431182952,0.3258377573244186,0.3045988108362072,0.35139556955789786,0.3012517726370426,0.40939714962177104,0.38912745216734584,0.3624409747417011,0.22727949265790787,0.24321018696241506,0.15384456930668608,0.03555844932133384,0.0,0.04593301607394523,0.04977437453790243,0.025727727374518967,0.0,0.0,0.0,0.0,0.0,0.0,0.0,0.003570571166253327,0.0,0.0,0.0,0.0,0.0,0.0,0.0,0.0,0.0,0.0,0.0,0.0,0.0,0.0,0.0,0.0,0.0,0.0,0.0,0.0,0.0,0.0,0.0,0.0,0.0,0.0,0.0,0.0,0.0
0.0,0.0,0.0,0.0,0.0,0.0,0.0,0.0,0.0,0.0,0.0,0.0,0.0,0.0,0.0,0.0,0.0,0.0,0.0,0.0,0.0,0.0,0.0,0.0,0.0,0.0,0.0,0.0,0.0,0.0,0.0,0.0,0.0,0.0,0.0,0.030983983972425855,0.04439395781005699,0.0006202826019948704,0.049753362322326966,0.17103809423241295,0.1055470261403075,0.22579255136459953,0.2344091745790636,0.26228376584295454,0.28351472329101257,0.38849078660410014,0.3653479805159013,0.4304312626783455,0.44960895391145844,0.41032867964096525,0.36153863562837374,0.41189364522135447,0.40867830848525905,0.3245995242272869,0.3146465271754707,0.28108239052825507,0.27044291906978507,0.23991966613404636,0.1963753585127836,0.01646479879379542,0.08278746621898356,0.04181275229413117,0.011280183954945552,0.0,0.0,0.0,0.0,0.0,0.0,0.0,0.0,0.0,0.0,0.0,0.0,0.0,0.0,0.0,0.0,0.0,0.0,0.0,0.0,0.0,0.0,0.0,0.0,0.0,0.0,0.0,0.0,0.0,0.0,0.0,0.0,0.0
0.0,0.0,0.0,0.0,0.0,0.0,0.0,0.0,0.0,0.0,0.0,0.0,0.0,0.0,0.0,0.0,0.0,0.0,0.0,0.0,0.0,0.0,0.0,0.0,0.0,0.0,0.0,0.0,0.0,0.0,0.0,0.0,0.0,0.0,0.0,0.025727518753480314,0.06216720607806074,0.07988350804032958,0.06848846092829548,0.08830643004930044,0.16126062340835423,0.17357920443198283,0.26215680661756824,0.2703708061048982,0.3240825555670545,0.33574736471850875,0.3754376885040038,0.4116396424513457,0.4269705682025659,0.4244431232008034,0.4235483319435572,0.3792585186057837,0.37821837179897283,0.3034200878795559,0.2922141647737261,0.2878301643726846,0.19535775030676755,0.1309581327877068,0.1644456579220299,0.0698733472986395,0.06616269739890784,0.023500079133008604,0.020319235697655785,0.0,0.01233313201480199,0.0,0.0,0.0,0.0,0.0,0.0,0.0,0.0,0.0,0.0,0.0,0.0,0.0,0.0,0.0,0.0,0.0,0.0,0.0,0.0,0.0,0.0,0.0,0.0,0.0,0.0,0.0,0.0,0.0,0.0,0.0
0.0,0.0,0.0,0.0,0.0,0.0,0.0,0.0,0.0,0.0,0.0,0.0,0.0,0.0,0.0,0.0,0.0,0.0,0.0,0.0,0.0,0.0,0.0,0.0,0.0,0.0,0.0,0.0,0.0,0.0,0.0,0.0,0.0,0.0,0.0,0.012826817683125803,0.021568847072125835,0.0893366296545154,0.12233691649388329,0.16497726630983192,0.14145756701260292,0.1651377218275451,0.18631665705944767,0.18530947605705872,0.2422975083551213,0.2820180853567302,0.2704440398395062,0.3046327996585922,0.26754959661569017,0.22802412721574417,0.2579819111175376,0.21620153780179596,0.26850187471961323,0.2336172318716598,0.2910341865238571,0.20128257565370242,0.2063412573257521,0.1831717862754197,0.1440809312259208,0.08176994436947664,0.10805959115314469,0.09887298946417274,0.05952205905108371,0.031392333660149555,0.010953955269878968,0.0,0.0,0.0,0.0,0.0,0.0,0.0,0.0,0.0,0.0,0.0,0.0,0.0,0.0,0.0,0.0,0.0,0.0,0.0,0.0,0.0,0.0,0.0,0.0,0.0,0.0,0.0,0.0,0.0,0.0,0.0
0.0,0.0,0.0,0.0,0.0,0.0,0.0,0.0,0.0,0.0,0.0,0.0,0.0,0.0,0.0,0.0,0.0,0.0,0.0,0.0,0.0,0.0,0.0,0.0,0.0,0.0,0.0,0.0,0.0,0.0,0.0,0.0,0.0,0.0,0.0,0.0084583539792663,0.0,0.017063028280918914,0.021948908429442773,0.0026022335387657566,0.03126560196111739,0.040167672320058745,0.03821389684560971,0.05448374954573701,0.05415869899662842,0.0482520518476275,0.08330588843873743,0.09990943662473459,0.0919299237571742,0.09800738761590691,0.09055943187028775,0.07671315070332581,0.07841570622203463,0.03690188582507162,0.050362759010675474,0.0436025613000409,0.0327602934455023,0.02689078396214837,0.012183110924977859,0.01956438048883381,0.020361383936219092,0.0,0.0,0.0008757377668249643,0.0,0.0,0.0,0.0,0.0,0.0,0.0,0.0,0.0,0.0,0.0,0.0,0.0,0.0,0.0,0.0,0.0,0.0,0.0,0.0,0.0,0.0,0.0,0.0,0.0,0.0,0.0,0.0,0.0,0.0,0.0,0.0
0.0,0.0,0.0,0.0,0.0,0.0,0.0,0.0,0.0,0.0,0.0,0.0,0.0,0.0,0.0,0.0,0.0,0.0,0.0,0.0,0.0,0.0,0.0,0.0,0.0,0.0,0.0,0.0,0.0,0.0,0.0,0.0,0.0,0.0,0.0,0.0,0.0,0.0,0.013759395545580025,0.015604022463230192,0.028098561442089973,0.01990739385464891,0.03203672209538022,0.0369447143622538,0.0353273571364084,0.06122998652361515,0.061267939299745125,0.06566633690196984,0.08046595115661821,0.08707842105831379,0.08750886213863468,0.09970036827910127,0.1084210963364699,0.12068058352219274,0.10251765572078929,0.09858221911140404,0.09368241213374422,0.08434610057894132,0.07964816403851163,0.0690626821232909,0.05498822530275807,0.04645901560181374,0.0247838940014111,0.0,0.0,0.0,0.0,0.0,0.0,0.0,0.0,0.0,0.0,0.0,0.0,0.0,0.0,0.0,0.0,0.0,0.0,0.0,0.0,0.0,0.0,0.0,0.0,0.0,0.0,0.0,0.0,0.0,0.0,0.0,0.0,0.0
0.0,0.0,0.0,0.0,0.0,0.0,0.0,0.0,0.0,0.0,0.0,0.0,0.0,0.0,0.0,0.0,0.0,0.0,0.0,0.0,0.0,0.0,0.0,0.0,0.0,0.0,0.0,0.0,0.0,0.0,0.0,0.0,0.0,0.0,0.0,0.0,0.017010324955672337,0.026174674148769728,0.032658283351985284,0.05522097834745903,0.07884327583376542,0.10390191597392884,0.1161046114834483,0.10879272925081862,0.1321685589804,0.1333106772844546,0.15504993380522342,0.16496134042931976,0.16199001816410705,0.1775249693058331,0.15150468605441,0.13859091850422245,0.13320046714887956,0.12290287636496462,0.12733912129139874,0.11268216635690538,0.06683912103628786,0.08700268110427727,0.06880269956053023,0.04729033495143128,0.028740496864969677,0.024885869716566394,0.0,0.0,0.0,0.0,0.0,0.0,0.0,0.0,0.0,0.0,0.0,0.0,0.0,0.0,0.0,0.0,0.0,0.0,0.0,0.0,0.0,0.0,0.0,0.0,0.0,0.0,0.0,0.0,0.0,0.0,0.0,0.0,0.0,0.0
0.0,0.0,0.0,0.0,0.0,0.0,0.0,0.0,0.0,0.0,0.0,0.0,0.0,0.0,0.0,0.0,0.0,0.0,0.0,0.0,0.0,0.0,0.0,0.0,0.0,0.0,0.0,0.0,0.0,0.0,0.0,0.0,0.0,0.0,0.0,0.0,0.013986842403474038,0.008481563234447327,0.018533341789429288,0.035082039466773504,0.030363162071080668,0.04375013293305244,0.07183347723553431,0.0851909990900571,0.11437124225636079,0.10268725831703657,0.14181372627135092,0.1556950349451931,0.12524774448157,0.17218262564920284,0.15566065051452083,0.15628149684663786,0.15592772036923935,0.1531951154347244,0.1478867680056026,0.13062828674308874,0.09351185149131139,0.07525117621845476,0.09214556968104765,0.07593637071494717,0.04273199730156302,0.0341109167613918,0.0,0.0150165331434646,0.0023763277475839853,0.0,0.0,0.0,0.0,0.0,0.0,0.0,0.0,0.0,0.0,0.0,0.0,0.0,0.0,0.0,0.0,0.0,0.0,0.0,0.0,0.0,0.0,0.0,0.0,0.0,0.0,0.0,0.0,0.0,0.0,0.0
0.0,0.0,0.0,0.0,0.0,0.0,0.0,0.0,0.0,0.0,0.0,0.0,0.0,0.0,0.0,0.0,0.0,0.0,0.0,0.0,0.0,0.0,0.0,0.0,0.0,0.0,0.0,0.0,0.0,0.0,0.0,0.0,0.0,0.0,0.0,0.0,0.0004419894984495263,0.0,0.006570317176887766,0.0057136999106635125,0.02255937788880266,0.03618414048234949,0.03580634067743962,0.0462870215018604,0.0542033791132386,0.05442939673533888,0.07054885957575932,0.07788334344975927,0.09098616211915643,0.08795207518912881,0.09275063308213943,0.08289429510948251,0.11384381778979154,0.09688589911862035,0.09103084351076035,0.055748036329515,0.0728622995454445,0.06909432561453309,0.047177194099515186,0.0425028197170152,0.0325825689768727,0.02005764222595563,0.018994225462249836,0.0,0.0,0.0,0.0,0.0,0.0,0.0,0.0,0.0,0.0,0.0,0.0,0.0,0.0,0.0,0.0,0.0,0.0,0.0,0.0,0.0,0.0,0.0,0.0,0.0,0.0,0.0,0.0,0.0,0.0,0.0,0.0,0.0
0.0,0.0,0.0,0.0,0.0,0.0,0.0,0.0,0.0,0.0,0.0,0.0,0.0,0.0,0.0,0.0,0.0,0.0,0.0,0.0,0.0,0.0,0.0,0.0,0.0,0.0,0.0,0.0,0.0,0.0,0.0,0.0,0.0,0.0,0.0,0.0,0.0,0.0002610049553400202,0.002717989777216606,0.0013643340626489859,0.008862248327511967,0.011072871116662551,0.013297708919474314,0.018625297894881793,0.021191723148709055,0.025645178834908626,0.030983204780205432,0.022496325938806332,0.020023240053030626,0.019450914789891062,0.01880194109989155,0.018323132387290945,0.018723618572282635,0.01806396766405784,0.018655912518564466,0.018744119282358782,0.016167624812662106,0.017614318745161988,0.015529052698809522,0.009569599905248194,0.007081318613555632,0.006471874882435865,0.0025137848864947502,0.0,0.0,0.0,0.0,0.0,0.0,0.0,0.0,0.0,0.0,0.0,0.0,0.0,0.0,0.0,0.0,0.0,0.0,0.0,0.0,0.0,0.0,0.0,0.0,0.0,0.0,0.0,0.0,0.0,0.0,0.0,0.0,0.0
0.0,0.0,0.0,0.0,0.0,0.0,0.0,0.0,0.0,0.0,0.0,0.0,0.0,0.0,0.0,0.0,0.0,0.0,0.0,0.0,0.0,0.0,0.0,0.0,0.0,0.0,0.0,0.0,0.0,0.0,0.0,0.0,0.0,0.0,0.0,0.0,0.014805157355653322,0.015681064893834216,0.0311370220699954,0.04180902454018472,0.047343981232224316,0.040962207333916804,0.058928775148958584,0.056072387775054244,0.0725661950984442,0.07748882570431324,0.08892033541476244,0.08000067463031818,0.10192484610723551,0.09097804561847991,0.090391563180524,0.07926273974857265,0.07615923851263569,0.06111770473433474,0.06477512699809325,0.07274769916279562,0.04952011877930408,0.046491638621036835,0.050570510611965526,0.026089369949961347,0.015520810083993008,0.012085225704249799,0.004634550351158026,0.007011997073506408,0.00121685584037824,0.0,0.0,0.0,0.0,0.0,0.0,0.0,0.0,0.0,0.0,0.0,0.0,0.0,0.0,0.0,0.0,0.0,0.0,0.0,0.0,0.0,0.0,0.0,0.0,0.0,0.0,0.0,0.0,0.0,0.0,0.0
0.0,0.0,0.0,0.0,0.0,0.0,0.0,0.0,0.0,0.0,0.0,0.0,0.0,0.0,0.0,0.0,0.0,0.0,0.0,0.0,0.0,0.0,0.0,0.0,0.0,0.0,0.0,0.0,0.0,0.0,0.0,0.0,0.0,0.0,0.0,0.0,0.002457226842731065,0.009885017983782078,0.011592865275031616,0.016981651000450734,0.024443100415670018,0.026912971919562288,0.031607929256132886,0.04116733384083935,0.04361466976934265,0.03867039723425572,0.03770237403470386,0.03945583685073061,0.02856550906381866,0.03608756298608469,0.029112427022758146,0.028349196726963986,0.026461086555359132,0.028217236107154976,0.024242921706628347,0.026064985007057256,0.02168046203654507,0.01925550909656198,0.013842852328201953,0.011578651019449632,0.008172121869241634,0.003926802354397339,0.0,0.0,0.0,0.0,0.0,0.0,0.0,0.0,0.0,0.0,0.0,0.0,0.0,0.0,0.0,0.0,0.0,0.0,0.0,0.0,0.0,0.0,0.0,0.0,0.0,0.0,0.0,0.0,0.0,0.0,0.0,0.0,0.0,0.0
0.0,0.0,0.0,0.0,0.0,0.0,0.0,0.0,0.0,0.0,0.0,0.0,0.0,0.0,0.0,0.0,0.0,0.0,0.0,0.0,0.0,0.0,0.0,0.0,0.0,0.0,0.0,0.0,0.0,0.0,0.0,0.0,0.0,0.0,0.0,0.00015875047840486188,0.0,0.006949974169202797,0.012255192329203204,0.013414982716690291,0.033427513723339006,0.03763196215899881,0.025889405982980507,0.043359060386800354,0.042180692797902486,0.03752351034534131,0.03990653287184061,0.039732964218350944,0.0397862952910949,0.049382293212488826,0.051107732516381295,0.04890549055220832,0.04724344543176206,0.04593891839271665,0.04201820217541765,0.043813107061926634,0.030132095433898123,0.022138798952418878,0.029124325093817693,0.021999922825252517,0.01992269990174979,0.013093271794726503,0.005970929888740581,0.006106520596391492,0.0,0.0,0.0,0.0,0.0,0.0,0.0,0.0,0.0,0.0,0.0,0.0,0.0,0.0,0.0,0.0,0.0,0.0,0.0,0.0,0.0,0.0,0.0,0.0,0.0,0.0,0.0,0.0,0.0,0.0,0.0,0.0
0.0,0.0,0.0,0.0,0.0,0.0,0.0,0.0,0.0,0.0,0.0,0.0,0.0,0.0,0.0,0.0,0.0,0.0,0.0,0.0,0.0,0.0,0.0,0.0,0.0,0.0,0.0,0.0,0.0,0.0,0.0,0.0,0.0,0.0,0.0,0.0019695850106566685,0.0,0.002924322252698442,0.0,0.023915476135859117,0.033827092332699,0.0,0.061688637642423244,0.10632519924942144,0.12183432352106856,0.17085544988130663,0.19028844628036082,0.19712805099397682,0.20321808480748516,0.2224181837789643,0.28519930484529005,0.2285721510139084,0.20480540774795417,0.22856152112600545,0.19424484870470027,0.20122070686071705,0.19720939739358906,0.17151467652832192,0.13960919603269525,0.1022360697749436,0.05061182359762421,0.02450561623388786,0.0,0.028863377161021664,0.007489798773420298,0.0,0.0,0.0,0.0,0.0,0.0,0.0,0.0,0.0,0.0,0.0,0.0,0.0,0.0,0.0,0.0,0.0,0.0,0.0,0.0,0.0,0.0,0.0,0.0,0.0,0.0,0.0,0.0,0.0,0.0,0.0
0.0,0.0,0.0,0.0,0.0,0.0,0.0,0.0,0.0,0.0,0.0,0.0,0.0,0.0,0.0,0.0,0.0,0.0,0.0,0.0,0.0,0.0,0.0,0.0,0.0,0.0,0.0,0.0,0.0,0.0,0.0,0.0,0.0,0.0,0.0,0.0,0.0028449940953913545,0.03502336572667343,0.05652716561135253,0.08774409461815008,0.11072330849508451,0.11399707552533014,0.08611428717782403,0.11743738317860503,0.15068560421107058,0.19665781986442107,0.19536525976389477,0.16423611060123763,0.16945563409046918,0.18350649145642972,0.16136152342272786,0.1969928780059758,0.19508915204039368,0.15725240227076,0.13373189656001708,0.09671833540795272,0.0936609919317779,0.07709983270718494,0.05979705385601641,0.04871755566690289,0.025673207721875334,0.033284220968590864,0.02914322483296088,0.0,0.0,0.0,0.0,0.0,0.0,0.0,0.0,0.0,0.0,0.0,0.0,0.0,0.0,0.0,0.0,0.0,0.0,0.0,0.0,0.0,0.0,0.0,0.0,0.0,0.0,0.0,0.0,0.0,0.0,0.0,0.0,0.0
0.0,0.0,0.0,0.0,0.0,0.0,0.0,0.0,0.0,0.0,0.0,0.0,0.0,0.0,0.0,0.0,0.0,0.0,0.0,0.0,0.0,0.0,0.0,0.0,0.0,0.0,0.0,0.0,0.0,0.0,0.0,0.0,0.0,0.0,0.0,0.0,0.0,0.016660101898597842,0.0,0.0349677209266164,0.016957288918959312,0.0754729353548362,0.0708960761911797,0.10109310923171119,0.08519749426539733,0.11447796505698513,0.12395640476851759,0.12355763872559147,0.13006963327771906,0.1011788502043219,0.13135841150154778,0.15251447774770813,0.17216160409264916,0.18179535537840272,0.15281547857800723,0.10616425666695986,0.11238839531517932,0.05107760639623815,0.06208506387004316,0.038446924351854844,0.02082683788613901,0.025442281101713066,0.0068580087913836,0.012574555465357823,0.0,0.0,0.0,0.0,0.0,0.0,0.0,0.0,0.0,0.0,0.0,0.0,0.0,0.0,0.0,0.0,0.0,0.0,0.0,0.0,0.0,0.0,0.0,0.0,0.0,0.0,0.0,0.0,0.0,0.0,0.0,0.0
0.0,0.0,0.0,0.0,0.0,0.0,0.0,0.0,0.0,0.0,0.0,0.0,0.0,0.0,0.0,0.0,0.0,0.0,0.0,0.0,0.0,0.0,0.0,0.0,0.0,0.0,0.0,0.0,0.0,0.0,0.0,0.0,0.0,0.0,0.0,0.0,0.003982625657812898,0.002635555705157236,0.003455560325359014,0.020533179611106588,0.033095745810904714,0.03839062172227324,0.04879670757565575,0.06283640298081354,0.06667462181967519,0.07995547299551106,0.07653932955552396,0.07628674110069461,0.06752910979760712,0.06984864205275108,0.07506483034771617,0.06909165377800384,0.06586335841149152,0.05455171491444867,0.059849175051937153,0.04457527491476269,0.04224818459036767,0.03544892236107031,0.027685958774625107,0.01917762157871722,0.016301742340424693,0.01520705952219275,0.005464614758188783,0.005614124694810747,0.0,0.0,0.0,0.0,0.0,0.0,0.0,0.0,0.0,0.0,0.0,0.0,0.0,0.0,0.0,0.0,0.0,0.0,0.0,0.0,0.0,0.0,0.0,0.0,0.0,0.0,0.0,0.0,0.0,0.0,0.0,0.0
0.0,0.0,0.0,0.0,0.0,0.0,0.0,0.0,0.0,0.0,0.0,0.0,0.0,0.0,0.0,0.0,0.0,0.0,0.0,0.0,0.0,0.0,0.0,0.0,0.0,0.0,0.0,0.0,0.0,0.0,0.0,0.0,0.0,0.0,0.0,0.0,0.004402603659977283,0.013709678684292835,0.004752803216056742,0.0223704033596318,0.025997318075511113,0.028605452042643763,0.04287969591676023,0.04949178410046517,0.05897864267018264,0.05912038537998283,0.06223381292875721,0.06396028756729827,0.05491259320235195,0.06674593007419685,0.066739994146253,0.06991173555139715,0.06562204367169712,0.0626118778369761,0.06361445099986458,0.05335098791335286,0.04154537430979097,0.04165122768809294,0.041191731563793084,0.03208921377632551,0.023312343785040945,0.01444647585405985,0.0035574768772894966,0.002084636274892581,0.0029621860988349627,0.0,0.0,0.0,0.0,0.0,0.0,0.0,0.0,0.0,0.0,0.0,0.0,0.0,0.0,0.0,0.0,0.0,0.0,0.0,0.0,0.0,0.0,0.0,0.0,0.0,0.0,0.0,0.0,0.0,0.0,0.0
0.0,0.0,0.0,0.0,0.0,0.0,0.0,0.0,0.0,0.0,0.0,0.0,0.0,0.0,0.0,0.0,0.0,0.0,0.0,0.0,0.0,0.0,0.0,0.0,0.0,0.0,0.0,0.0,0.0,0.0,0.0,0.0,0.0,0.0,0.0,0.0,0.0,0.003102511380440827,0.010287853977275338,0.024163250011938524,0.026431076165668668,0.04746678185349586,0.0545133838199197,0.05743901285065084,0.07114828911046195,0.07677671823368118,0.0773296668539615,0.06673532549693513,0.07025475263302587,0.06814283265172043,0.07297149815920295,0.07040557631266302,0.06882324173367632,0.0690843227027688,0.07662219163485845,0.06621592939000069,0.07683985621637046,0.07460498243564714,0.06742257567422565,0.06019561796233847,0.03882672682477584,0.009923231905127037,0.0107423737046595,0.00032141729202683593,0.0035952814977750396,0.0,0.0,0.0,0.0,0.0,0.0,0.0,0.0,0.0,0.0,0.0,0.0,0.0,0.0,0.0,0.0,0.0,0.0,0.0,0.0,0.0,0.0,0.0,0.0,0.0,0.0,0.0,0.0,0.0,0.0,0.0
0.0,0.0,0.0,0.0,0.0,0.0,0.0,0.0,0.0,0.0,0.0,0.0,0.0,0.0,0.0,0.0,0.0,0.0,0.0,0.0,0.0,0.0,0.0,0.0,0.0,0.0,0.0,0.0,0.0,0.0,0.0,0.0,0.0,0.0,0.0,0.0,0.006700913961807008,0.0,0.00821249769152075,0.01969435496729599,0.12576916200992613,0.15055700108891287,0.19456955156096556,0.19076970227332524,0.27896589763429364,0.261942521119952,0.31690117651814786,0.3592644903420478,0.2807291437170178,0.3303255657303827,0.4058254695706419,0.3607658754260151,0.31584233177433635,0.31172471102752425,0.2723331894803857,0.24597719427751089,0.214567652114912,0.14778293336167325,0.17544859671386248,0.046925672295087595,0.06251480395704626,0.054897033265002566,0.0,0.0006308567188944292,0.0,0.0019378362628696723,0.0,0.0,0.0,0.0,0.0,0.0,0.0,0.0,0.0,0.0,0.0,0.0,0.0,0.0,0.0,0.0,0.0,0.0,0.0,0.0,0.0,0.0,0.0,0.0,0.0,0.0,0.0,0.0,0.0,0.0
0.0,0.0,0.0,0.0,0.0,0.0,0.0,0.0,0.0,0.0,0.0,0.0,0.0,0.0,0.0,0.0,0.0,0.0,0.0,0.0,0.0,0.0,0.0,0.0,0.0,0.0,0.0,0.0,0.0,0.0,0.0,0.0,0.0,0.0,0.0,0.006453894080052919,0.0,0.004689390368469909,0.06386916899801129,0.06257373748071744,0.05450692615484417,0.15438946874572657,0.10882156620781253,0.19503979142129974,0.16866167132732818,0.27295069976328024,0.32470092707625103,0.338269108276854,0.3221670430465215,0.35263370882254563,0.35198339141559987,0.28826764203580973,0.2573802203780585,0.17952591540134874,0.1473386564141358,0.14289608719627708,0.13147695158576128,0.11837603564686511,0.05663916648905638,0.08240707932083563,0.06167552205818943,0.0481314299751702,0.02084522994312349,0.017413471358848975,0.0,0.0,0.0,0.0,0.0,0.0,0.0,0.0,0.0,0.0,0.0,0.0,0.0,0.0,0.0,0.0,0.0,0.0,0.0,0.0,0.0,0.0,0.0,0.0,0.0,0.0,0.0,0.0,0.0,0.0,0.0,0.0
0.0,0.0,0.0,0.0,0.0,0.0,0.0,0.0,0.0,0.0,0.0,0.0,0.0,0.0,0.0,0.0,0.0,0.0,0.0,0.0,0.0,0.0,0.0,0.0,0.0,0.0,0.0,0.0,0.0,0.0,0.0,0.0,0.0,0.0,0.0,0.0,0.0,0.003443551630058824,0.028000830980523757,0.002297485296297863,0.0644456456560353,0.1067654161507059,0.13564640212572737,0.19182899216434995,0.2129620943679792,0.2348296372302241,0.29145537573494934,0.3320122570819549,0.28830849180250034,0.3204263264799394,0.3069190417683805,0.36455225871603614,0.35502462702907733,0.33231856109891095,0.29810314553383815,0.247193901824529,0.21956306350359367,0.1872308780842744,0.12169711141585694,0.09903611863739284,0.08771734733663186,0.03789282371770409,0.046670882986118635,0.018609503830428004,0.010788715626646458,0.0,0.0,0.0,0.0,0.0,0.0,0.0,0.0,0.0,0.0,0.0,0.0,0.0,0.0,0.0,0.0,0.0,0.0,0.0,0.0,0.0,0.0,0.0,0.0,0.0,0.0,0.0,0.0,0.0,0.0,0.0
0.0,0.0,0.0,0.0,0.0,0.0,0.0,0.0,0.0,0.0,0.0,0.0,0.0,0.0,0.0,0.0,0.0,0.0,0.0,0.0,0.0,0.0,0.0,0.0,0.0,0.0,0.0,0.0,0.0,0.0,0.0,0.0,0.0,0.0,0.0,0.0,0.0012683596624505893,0.0,0.00848831119881538,0.05918760892057506,0.06074585924288122,0.09660309938838682,0.12628310682376603,0.16370383999320845,0.22367467104979047,0.2169885813975254,0.2884351536744474,0.2742997015435614,0.3154230600613104,0.3435047437312731,0.3362544385657092,0.347257772156364,0.34733685875611775,0.3261036485586018,0.30007735019018866,0.2679432788557483,0.21519852627451852,0.16314271310619757,0.11106066742487415,0.0797891015900354,0.11400278924576063,0.045112284045437774,0.035946753676116536,0.0,0.0,0.0038893193324326283,0.0,0.0,0.0,0.0,0.0,0.0,0.0,0.0,0.0,0.0,0.0,0.0,0.0,0.0,0.0,0.0,0.0,0.0,0.0,0.0,0.0,0.0,0.0,0.0,0.0,0.0,0.0,0.0,0.0,0.0
0.0,0.0,0.0,0.0,0.0,0.0,0.0,0.0,0.0,0.0,0.0,0.0,0.0,0.0,0.0,0.0,0.0,0.0,0.0,0.0,0.0,0.0,0.0,0.0,0.0,0.0,0.0,0.0,0.0,0.0,0.0,0.0,0.0,0.0,0.0,0.0,0.0,0.0,0.0,0.0,0.019394853542414367,0.030538711243104134,0.029516205121050444,0.05652852663976525,0.04761552224192819,0.06469078863837445,0.06735668310392734,0.07595926741146758,0.07794284084164058,0.11499921981697242,0.12188832132387328,0.10479889457415384,0.1293568877572938,0.13550323499037448,0.12207360392458232,0.12450836229730314,0.13188240555083006,0.10808513444501648,0.10469990952673182,0.08586659392542945,0.06923339880425934,0.04759718938896382,0.02525796292097923,0.017610491448880227,0.005056683740110311,0.0,0.0,0.0,0.0,0.0,0.0,0.0,0.0,0.0,0.0,0.0,0.0,0.0,0.0,0.0,0.0,0.0,0.0,0.0,0.0,0.0,0.0,0.0,0.0,0.0,0.0,0.0,0.0,0.0,0.0,0.0
0.0,0.0,0.0,0.0,0.0,0.0,0.0,0.0,0.0,0.0,0.0,0.0,0.0,0.0,0.0,0.0,0.0,0.0,0.0,0.0,0.0,0.0,0.0,0.0,0.0,0.0,0.0,0.0,0.0,0.0,0.0,0.0,0.0,0.0,0.0,0.0,0.0,0.0,0.019618522262656563,0.0,0.025550626758389983,0.044919568432778466,0.05864783635137732,0.07329222541035502,0.08488539923363148,0.08302860624183189,0.07663832279435435,0.09625594318493824,0.10887763784973602,0.109569850330135,0.1289095614120394,0.13051851116650462,0.09243755351271946,0.14222463502487945,0.1433245435069105,0.12339480832005051,0.11875906641446761,0.09957655536061821,0.08495538737467459,0.05816078887653196,0.06492112237757872,0.010894753021056074,0.018397838574989382,0.010124754890698324,0.0,0.0,0.0,0.0,0.0,0.0,0.0,0.0,0.0,0.0,0.0,0.0,0.0,0.0,0.0,0.0,0.0,0.0,0.0,0.0,0.0,0.0,0.0,0.0,0.0,0.0,0.0,0.0,0.0,0.0,0.0,0.0
0.0,0.0,0.0,0.0,0.0,0.0,0.0,0.0,0.0,0.0,0.0,0.0,0.0,0.0,0.0,0.0,0.0,0.0,0.0,0.0,0.0,0.0,0.0,0.0,0.0,0.0,0.0,0.0,0.0,0.0,0.0,0.0,0.0,0.0,0.0,0.0026446069754244217,0.011099389408215855,0.04060120194937456,0.06117310563393386,0.09519815663641702,0.07625410557916293,0.10909826550695496,0.10905118920413909,0.12479409156334313,0.12421428884538337,0.10347940387231387,0.10698577188613338,0.1044537910398977,0.09501608310123309,0.09883570335172365,0.10530565836339573,0.10008569401056588,0.07937302579612857,0.07566269403427184,0.08541246067656177,0.08143805102213574,0.08115787808727062,0.05370817736282518,0.06041071620831917,0.033249024800149365,0.04107279194830874,0.018174778817472363,0.0014822688289783566,0.01187352958856498,0.0,0.0,0.0,0.0,0.0,0.0,0.0,0.0,0.0,0.0,0.0,0.0,0.0,0.0,0.0,0.0,0.0,0.0,0.0,0.0,0.0,0.0,0.0,0.0,0.0,0.0,0.0,0.0,0.0,0.0,0.0,0.0
0.0,0.0,0.0,0.0,0.0,0.0,0.0,0.0,0.0,0.0,0.0,0.0,0.0,0.0,0.0,0.0,0.0,0.0,0.0,0.0,0.0,0.0,0.0,0.0,0.0,0.0,0.0,0.0,0.0,0.0,0.0,0.0,0.0,0.0,0.0,0.0,0.0,0.006985588677578107,0.009262073625594515,0.019585671839628258,0.022322084177805283,0.0037285168784902747,0.0017477773463970663,0.009897913939703188,0.026364986932416123,0.02271213827690728,0.017285216891096758,0.0319906761582249,0.05433933912196736,0.06908879959402728,0.10118285857369805,0.09479357579355832,0.11352503107956584,0.13228823213913551,0.11836973657004277,0.11595315337328363,0.09223356474913041,0.08124186181499843,0.046783025667402015,0.03730345179982513,0.012616212449944684,0.017082557938801188,0.0,0.008652560156119815,0.0,0.0,0.0,0.0,0.0,0.0,0.0,0.0,0.0,0.0,0.0,0.0,0.0,0.0,0.0,0.0,0.0,0.0,0.0,0.0,0.0,0.0,0.0,0.0,0.0,0.0,0.0,0.0,0.0,0.0,0.0,0.0
0.0,0.0,0.0,0.0,0.0,0.0,0.0,0.0,0.0,0.0,0.0,0.0,0.0,0.0,0.0,0.0,0.0,0.0,0.0,0.0,0.0,0.0,0.0,0.0,0.0,0.0,0.0,0.0,0.0,0.0,0.0,0.0,0.0,0.0,0.0,0.0,0.0,0.0,0.002382562146497416,0.012616449832064483,0.015396539346339014,0.03482902808586228,0.043274714716104654,0.050407149859891545,0.05865935375017454,0.0692115045924396,0.083472006488933,0.07344943291236838,0.06547276254479702,0.060585213214544624,0.04049196354507509,0.049415402738931136,0.04687919325319313,0.0393392918462087,0.027846690896322725,0.01770227416685162,0.013720386602823518,0.016996222257633,0.010615319062425839,0.01594717274734176,0.0,0.0045579730986269945,0.00540881350922848,0.0,0.0,0.0,0.0,0.0,0.0,0.0,0.0,0.0,0.0,0.0,0.0,0.0,0.0,0.0,0.0,0.0,0.0,0.0,0.0,0.0,0.0,0.0,0.0,0.0,0.0,0.0,0.0,0.0,0.0,0.0,0.0,0.0
0.0,0.0,0.0,0.0,0.0,0.0,0.0,0.0,0.0,0.0,0.0,0.0,0.0,0.0,0.0,0.0,0.0,0.0,0.0,0.0,0.0,0.0,0.0,0.0,0.0,0.0,0.0,0.0,0.0,0.0,0.0,0.0,0.0,0.0,0.0,0.0,0.0,0.011003032317573175,0.0,0.04703530353428273,0.07178654773314504,0.07712858143313125,0.07061893641034549,0.1024298264039725,0.13035520585149718,0.15044647309079948,0.15899642397554814,0.16143831974278638,0.11495837156814682,0.11482487410085264,0.12728691191089464,0.12464371296672998,0.10904103811809499,0.08657960835054639,0.08897816609000983,0.08888044662971614,0.08458427624747886,0.08667659553328981,0.07148285368589066,0.07479997847305156,0.06220844084237575,0.03919569022904475,0.0,0.008176675662068495,0.0,0.0,0.0,0.0,0.0,0.0,0.0,0.0,0.0,0.0,0.0,0.0,0.0,0.0,0.0,0.0,0.0,0.0,0.0,0.0,0.0,0.0,0.0,0.0,0.0,0.0,0.0,0.0,0.0,0.0,0.0,0.0
0.0,0.0,0.0,0.0,0.0,0.0,0.0,0.0,0.0,0.0,0.0,0.0,0.0,0.0,0.0,0.0,0.0,0.0,0.0,0.0,0.0,0.0,0.0,0.0,0.0,0.0,0.0,0.0,0.0,0.0,0.0,0.0,0.0,0.0,0.0,0.0,0.0011987014766834002,0.0,0.0,0.02435128884593052,0.024413305583899723,0.03560756332991545,0.041822022080954195,0.08626804274965813,0.12806460332943295,0.12972327360615338,0.13275133392077462,0.13084938022060646,0.12835791924889975,0.13440767070176313,0.11640696004539623,0.1084107764864701,0.10060273089818987,0.13309099819224146,0.1423537255582853,0.14818387487310897,0.12440883537570141,0.07199181653567212,0.05851499170388272,0.016303719106433162,0.011588108684561383,0.0,0.00242387706365841,0.0,0.0,0.0,0.0,0.0,0.0,0.0,0.0,0.0,0.0,0.0,0.0,0.0,0.0,0.0,0.0,0.0,0.0,0.0,0.0,0.0,0.0,0.0,0.0,0.0,0.0,0.0,0.0,0.0,0.0,0.0,0.0,0.0
0.0,0.0,0.0,0.0,0.0,0.0,0.0,0.0,0.0,0.0,0.0,0.0,0.0,0.0,0.0,0.0,0.0,0.0,0.0,0.0,0.0,0.0,0.0,0.0,0.0,0.0,0.0,0.0,0.0,0.0,0.0,0.0,0.0,0.0,0.0,0.0,0.0,0.00044682069339107905,0.004198692445566794,0.0011947094559563824,0.004576706071042544,0.017930263628452854,0.020086067406305752,0.01989609279374382,0.01569347613920391,0.012852058562620396,0.017961727704278115,0.023831843597487464,0.026057443239600533,0.031181381204902388,0.024732953318614807,0.01669737166490101,0.012892414365509303,0.01990212269492357,0.023587656146937534,0.021388761847177466,0.029455501680821627,0.03392903447912969,0.03109039388575389,0.03381070316171113,0.02913166431719022,0.015527859041158144,0.01320732639182506,0.005701727950016985,0.0003543468004206527,0.0,0.0,0.0,0.0,0.0,0.0,0.0,0.0,0.0,0.0,0.0,0.0,0.0,0.0,0.0,0.0,0.0,0.0,0.0,0.0,0.0,0.0,0.0,0.0,0.0,0.0,0.0,0.0,0.0,0.0,0.0
0.0,0.0,0.0,0.0,0.0,0.0,0.0,0.0,0.0,0.0,0.0,0.0,0.0,0.0,0.0,0.0,0.0,0.0,0.0,0.0,0.0,0.0,0.0,0.0,0.0,0.0,0.0,0.0,0.0,0.0,0.0,0.0,0.0,0.0,0.0,0.0,0.0,0.014100440761881584,0.040615181338752936,0.022573313206339166,0.009980072537940941,0.0625482094755874,0.07143688264077826,0.03281119602757804,0.03623622381514554,0.05813405118045137,0.06592177483742731,0.06707475006064222,0.12189632463231888,0.11089255115967307,0.13817842678608266,0.14202626023078635,0.18982698446382357,0.20021005286027038,0.16248566094562272,0.13373069181463054,0.14509309843485393,0.11337837745141334,0.0996200077905012,0.036014804087887015,0.05369853287575135,0.015900313584404267,0.0,0.016010273086997664,0.0004396794449866223,0.0,0.0,0.0,0.0,0.0,0.0,0.0,0.0,0.0,0.0,0.0,0.0,0.0,0.0,0.0,0.0,0.0,0.0,0.0,0.0,0.0,0.0,0.0,0.0,0.0,0.0,0.0,0.0,0.0,0.0,0.0
0.0,0.0,0.0,0.0,0.0,0.0,0.0,0.0,0.0,0.0,0.0,0.0,0.0,0.0,0.0,0.0,0.0,0.0,0.0,0.0,0.0,0.0,0.0,0.0,0.0,0.0,0.0,0.0,0.0,0.0,0.0,0.0,0.0,0.0,0.0,0.0,0.0007671068463027085,0.0,0.0,0.0014185534717429088,0.003666724136475023,0.004546396262994159,0.008947083062757735,0.014705971169244644,0.015969263190550816,0.016298543455229842,0.012751691767306981,0.015215695078063265,0.015652656807631008,0.015360099549568938,0.0156801443070487,0.016482371673904164,0.01930577207041744,0.019477156329320674,0.017894155793852562,0.017388800534291135,0.014096025078587943,0.009569433920731988,0.00560823176526677,0.013050425284640645,0.012447922858499171,0.012854212999352396,0.009955430593799088,0.010994503128421564,0.006297310823684158,0.00036190625311013794,0.0,0.0,0.0,0.0,0.0,0.0,0.0,0.0,0.0,0.0,0.0,0.0,0.0,0.0,0.0,0.0,0.0,0.0,0.0,0.0,0.0,0.0,0.0,0.0,0.0,0.0,0.0,0.0,0.0,0.0
0.0,0.0,0.0,0.0,0.0,0.0,0.0,0.0,0.0,0.0,0.0,0.0,0.0,0.0,0.0,0.0,0.0,0.0,0.0,0.0,0.0,0.0,0.0,0.0,0.0,0.0,0.0,0.0,0.0,0.0,0.0,0.0,0.0,0.0,0.0,0.0,0.00022300371831366706,0.0,0.013441606258602816,0.012615448775232983,0.035930753549983555,0.0482201291714289,0.059999132664503095,0.05598293098404014,0.0820004172114133,0.09667478832173998,0.07916914288159917,0.064014287405151,0.06667653804765074,0.09328832337866094,0.08734771709213822,0.06209435704070282,0.051484461321505616,0.06208592979445877,0.054271026450695044,0.05999991714673492,0.05471093310247825,0.07605228459828618,0.07758856992398248,0.06817668406957492,0.04884210647256068,0.0348407828434237,0.025607004166410742,0.015547345660315206,0.004691354558878655,0.0035266463523819284,0.0,0.0,0.0,0.0,0.0,0.0,0.0,0.0,0.0,0.0,0.0,0.0,0.0,0.0,0.0,0.0,0.0,0.0,0.0,0.0,0.0,0.0,0.0,0.0,0.0,0.0,0.0,0.0,0.0,0.0
0.0,0.0,0.0,0.0,0.0,0.0,0.0,0.0,0.0,0.0,0.0,0.0,0.0,0.0,0.0,0.0,0.0,0.0,0.0,0.0,0.0,0.0,0.0,0.0,0.0,0.0,0.0,0.0,0.0,0.0,0.0,0.0,0.0,0.0,0.0,0.0,0.0,0.0,0.045716781054176626,0.07478895092885936,0.07370747127961752,0.12270571175320284,0.1392032441838713,0.1684322396510166,0.18835179233979601,0.22557605062235322,0.2075559834939963,0.20377781887673058,0.16408724591120752,0.16295990488918508,0.17575069786370284,0.1962793425574022,0.19391109360897776,0.1534272298471343,0.16467547530634608,0.12967340517866727,0.08176195875755661,0.09709680153004363,0.08337950691835964,0.06797917550287616,0.050714191411653925,0.06119543926595063,0.06736062318113348,0.048405800478874134,0.03222160906767782,0.0033126259677461137,0.0,0.0,0.0,0.0,0.0,0.0,0.0,0.0,0.0,0.0,0.0,0.0,0.0,0.0,0.0,0.0,0.0,0.0,0.0,0.0,0.0,0.0,0.0,0.0,0.0,0.0,0.0,0.0,0.0,0.0
0.0,0.0,0.0,0.0,0.0,0.0,0.0,0.0,0.0,0.0,0.0,0.0,0.0,0.0,0.0,0.0,0.0,0.0,0.0,0.0,0.0,0.0,0.0,0.0,0.0,0.0,0.0,0.0,0.0,0.0,0.0,0.0,0.0,0.0,0.0,0.0,0.0,0.0,0.006232638258596776,0.016845498585384297,0.03199191135588671,0.03503858604810693,0.04048161109614693,0.04847443978261235,0.049156598594935576,0.05831825246826451,0.06486290567282325,0.06937645577497226,0.07588603825902628,0.07330664799624752,0.0735461722989681,0.06880549406068341,0.060889993413874494,0.049107912836950575,0.0528647539932911,0.04364827997775268,0.04290787559403211,0.04870236607150766,0.05270849366983851,0.05220116364717875,0.04598625969770696,0.059938790335718695,0.04035969918006721,0.009537208088203318,0.0,0.0,0.0,0.0,0.0,0.0,0.0,0.0,0.0,0.0,0.0,0.0,0.0,0.0,0.0,0.0,0.0,0.0,0.0,0.0,0.0,0.0,0.0,0.0,0.0,0.0,0.0,0.0,0.0,0.0,0.0,0.0
0.0,0.0,0.0,0.0,0.0,0.0,0.0,0.0,0.0,0.0,0.0,0.0,0.0,0.0,0.0,0.0,0.0,0.0,0.0,0.0,0.0,0.0,0.0,0.0,0.0,0.0,0.0,0.0,0.0,0.0,0.0,0.0,0.0,0.0,0.0,0.0,0.0,0.0027471370465648823,0.029958706066466875,0.03013213934709861,0.04783163790732607,0.057892385516012106,0.05736316020047864,0.08624903063849097,0.09663530574401753,0.10402408438319287,0.13938919063020827,0.1445795212672976,0.1518368545708338,0.12770393397579616,0.08591463614977826,0.08343335770801422,0.08590061267118235,0.09412728002844166,0.10071498512850695,0.06767811836781823,0.04281596580983579,0.06584532965872295,0.06728021362949638,0.04102560701713072,0.03680842019130316,0.045303783504274796,0.02939032833463104,0.0015651931505478063,0.0,0.0,0.0,0.0,0.0,0.0,0.0,0.0,0.0,0.0,0.0,0.0,0.0,0.0,0.0,0.0,0.0,0.0,0.0,0.0,0.0,0.0,0.0,0.0,0.0,0.0,0.0,0.0,0.0,0.0,0.0,0.0
0.0,0.0,0.0,0.0,0.0,0.0,0.0,0.0,0.0,0.0,0.0,0.0,0.0,0.0,0.0,0.0,0.0,0.0,0.0,0.0,0.0,0.0,0.0,0.0,0.0,0.0,0.0,0.0,0.0,0.0,0.0,0.0,0.0,0.0,0.0,0.0,0.0010425753632541772,0.016087951622846444,0.03172637805196549,0.041444382602789376,0.05641116557187164,0.06510251534621214,0.06876314682705108,0.06863641603930419,0.054040784541833524,0.03615208874983845,0.03803936407614722,0.039556134528794896,0.04182138733955935,0.045238431699266606,0.02714912858683665,0.025068285871016387,0.02451473289272523,0.023990092150418363,0.03642463584971948,0.04002772036169778,0.04332324212720407,0.02680205150281217,0.015844683109981612,0.018045580254276987,0.00477689172567491,0.0010279656441671767,0.0,0.0,0.0,0.0,0.0,0.0,0.0,0.0,0.0,0.0,0.0,0.0,0.0,0.0,0.0,0.0,0.0,0.0,0.0,0.0,0.0,0.0,0.0,0.0,0.0,0.0,0.0,0.0,0.0,0.0,0.0,0.0,0.0,0.0
0.0,0.0,0.0,0.0,0.0,0.0,0.0,0.0,0.0,0.0,0.0,0.0,0.0,0.0,0.0,0.0,0.0,0.0,0.0,0.0,0.0,0.0,0.0,0.0,0.0,0.0,0.0,0.0,0.0,0.0,0.0,0.0,0.0,0.0,0.0,0.0,0.0,0.0010694365744279774,0.007877299218709225,0.02096214753042085,0.02606545208272967,0.0293080527900802,0.041461746403407676,0.04712578320179953,0.058413319426701554,0.06130599207861223,0.06039374067416434,0.04984711728932996,0.030010065767556902,0.032604805821316765,0.047138125074009364,0.06258080284981284,0.06108456433704687,0.06470858497291691,0.06550501321216227,0.048204588035546066,0.06913907720127398,0.07418103605546437,0.06809289856184576,0.05027839487763973,0.04884760991088031,0.032420174893584695,0.02627662870111272,0.018351185497798544,0.011136194027107327,0.00022672476537391635,0.0,0.0,0.0,0.0,0.0,0.0,0.0,0.0,0.0,0.0,0.0,0.0,0.0,0.0,0.0,0.0,0.0,0.0,0.0,0.0,0.0,0.0,0.0,0.0,0.0,0.0,0.0,0.0,0.0,0.0
